1580883240.885897 353d9db204713b7c1ea0fc32be6c23fcd629982eb17a355962f154ca6bda8f11 1580883240.8863063 87 
1580883241.0369833 e2c9d6ac6259f482dd5a28c95feb1d7358bc4bc573cfc9c96844a46ced7552d2 1580883241.0374656 88 
1580883241.1223392 dca2bb2a853062caee1493ecf95d4668aa70ae8f8bba7cfb88a79b47302a490d 1580883241.1227555 88 
1580883241.4584842 317648f4c1f4957d95df3e952f80025c798fdf32dd8604429ded33472aef7a68 1580883241.4590132 88 
1580883241.4749522 d6a518d7a0176d2ab71d05aea3e7272624911cd1aa7bb48f88ff4a7b2ed1749e 1580883241.4751825 88 
1580883242.2262414 2320c8da5e02334025e7c9a29a0a1c0f847d6c845e62c2be1aa98ed97077fa63 1580883242.2266319 88 
1580883242.3833716 a290e8c23c91b74e21c86775ada55fde957b05b079cc8d58430dd8cbcb5b4ea2 1580883242.3837378 88 
1580883242.4715922 ce48321c380b137a32e13c0dc24d11d92333c60e9205dfb4a2c6fb16c6e38e95 1580883242.472097 88 
1580883242.6415806 7429674d8d80c9d7fb2bf552f9054af0cf1eefff247332b4bf5bf4f43214e272 1580883242.6419713 88 
1580883242.7242837 5ca6242dc62df640c6e8ad5c55339339f1a99971561ae9557c58a71479503011 1580883242.7247875 88 
1580883242.7570083 d1df05a0c75e6817a207ce22a52e6f7a2dfbd31137eb4174fb2c41d99aa7bee6 1580883242.7574487 88 
1580883243.1437662 83b8ab9484b072af3dab0b8440fd97c2be8fa330d2feb5da0ea565778326fb6b 1580883243.144278 88 
1580883243.2019658 21f43714094bcb7e15ba17833c4b9a847a753e74c95caa2c010f913ff7f01243 1580883243.2024643 88 
1580883243.2279067 5abd8550fc3931e130af2fdba2dcab3eebc805c6f38b4031e5411cd19a9abb55 1580883243.2282596 88 
1580883243.2562988 3c25f54b596fd0a08b538b43dfbebb6781790172f62b3a30139b3cc4f2c78366 1580883243.2567854 88 
1580883243.3534822 4046e39bd75678daf9abd8ea8e9258064fe7a38de014b67aa151f7eba4708c29 1580883243.353966 88 
1580883243.458265 5bf0f063630f9a4433929a1ab754fd68958d07698db2019afedfe0021bc7bd74 1580883243.4586358 87 
1580883243.6857913 ca331c59ab88fa66cf343087090f316724cbe41bf4f54cf14428f5fe2ee8e583 1580883243.6863272 88 
1580883243.7556372 2d54c69fdf224581b055226ad85edff27258d2d5bbe725f7aac8dd218fc229eb 1580883243.756034 88 
1580883243.8147974 9b01e78bfb16069f362a8e4278342e923f73e1a589d0426a2e4427def673531d 1580883243.8152082 88 
1580883243.963234 a2c08ec4d8c6fb506e464a56567b07458aea6e3742bffbc605f5c77f21cb0c03 1580883243.9636004 87 
1580883244.0383563 664fc44f647dad9bc6b0fef8bace0ab407c06dfd94d09cfad2b08b1be1dbdb82 1580883244.0387297 88 
1580883244.4765854 94460033a48b07b5fa66b55434b2b1d0132e9bcda038c11db01e605e6b8cc211 1580883244.4770002 88 
1580883244.5480783 ef94f9e3c07ef846d6798c5dc2c94a7b916941b17200dabf978392a1e2076a79 1580883244.54846 88 
1580883244.5738132 938fcc2ea69827d1146e4f0ca62af9007e7c442c47c96e3a0e56dcce39af247d 1580883244.5741155 88 
1580883244.9992702 78d9d35dcf5bb3905ae901e631dcc5dcbb90cb0d48310a1ccd36e4c4fb63e8a6 1580883244.999741 88 
1580883245.2834787 b0bcca9ad12af1865446221242b226d128c5f40eed38caa08db5d78e2db7b383 1580883245.283888 88 
1580883245.3187752 8db1acd935b6e19e9b971af0b41524370da81fffc2de733ed6f07a8dd955bb3a 1580883245.3191245 88 
1580883245.4357843 d831e05d2e04fc8ee83181306c7712d5423ac32c5e4de4f7f6987f109fb4fa4b 1580883245.4361863 88 
1580883245.9141932 2539099547181d044d0a18904d5c45fdc6eed364637c0135f42ce1ac747ccd0b 1580883245.9145765 88 
1580883246.5958505 a418ef7ee279248fc3984a9ae84e822a988e980ae73614c1479cd94918147d32 1580883246.596252 88 
1580883246.6514928 d5209e6ff13d42a52cb3b76133414f76627162a146aa6a1859a83196fbc910dd 1580883246.6519186 88 
1580883247.5342305 489f7c229416b6d550f7d8de1538b17d491cb9ca392c284c3bde310c2ac12e07 1580883247.5346577 88 
1580883247.9992008 54ae7a8868369ec0df1632fe6d920bf643b4652853d90a72badd33953443296f 1580883247.9996333 88 
1580883248.2046587 4bf3480cf3793272acaa676a378e66def6800217ea8bdda429db241c182dd375 1580883248.2051113 88 
1580883248.2407095 cc8d40a37c6831e5a705c65a341a07e27be824e5da8972ee60addea90f014c5e 1580883248.2410438 88 
1580883248.309733 8ece2e27a093d82eadedf4ce86d8642a0c6be8d16acecc7f17cc5189c09db0b8 1580883248.3102245 87 
1580883248.4380531 bcf003c6d1c2f69c08e05a412efcf7ecb7bb4c035d7a0a411a7e74b0e552d21d 1580883248.4385118 88 
1580883248.4756253 983a0b8a6cf28c9b4c4dc1c6e197d78d112c76997a9749f34e5b112854d63c1e 1580883248.476033 88 
1580883248.8347251 e7c68ad3f517702fd72909ca307e61688e9695ce03fe3b572288dc9b0a0a9287 1580883248.8350737 88 
1580883248.9542248 206c65fb53ad3df675dc561f9e48a69e2a50075882e24ee117ba316badaedc52 1580883248.9546678 88 
1580883249.0365896 a13331e992de75028e19130e0c4e9b47cfbd52a82f4bb931e1697b14a853e42f 1580883249.0369697 88 
1580883249.7098958 4a51c070f1a6cfbb4403d56a3429a566576969e570387563b6cfe050987f42d0 1580883249.7103543 88 
1580883249.8524702 6c53922d0821373a53ae0150acd9a04383d0bfcb514d1fa0e6e564410a781fee 1580883249.8529463 88 
1580883250.110042 4132e97a21e08d222805cada3abed5396ce475788b1a3e7255053bda416c1925 1580883250.1104665 87 
1580883250.4275758 1dfd4ea68e51160934fab7589eb407b6c6c3e94f9b78397c89ba051dfa9109c6 1580883250.4279974 88 
1580883250.6360285 3bc38b34334ba9cb8e069515459d41e3b6889866d43dab1d7be5ce897adeee00 1580883250.636578 88 
1580883250.9840264 fec296f97edbf9345424113c1b5aca26b870671f19e5a7b5812efd83596c2f61 1580883250.9844956 88 
1580883251.0306609 2515d85df5b28aa290158748289b3b06bc291b1f6aab8ee80a2b074fe58c8758 1580883251.03107 88 
1580883251.141879 adaea5a78c34902e8cc00d5cfc6b8cc62ab0c42f283bf739ca9c74c7c3f65f31 1580883251.1422646 87 
1580883251.668344 a95583a1df04a2c90480027007ad97fe8108bff92dd49e10974b341c22c7edc8 1580883251.668769 87 
1580883252.4789002 d4e301c1a2073fa6872bcc65d92c3b150dced1d161887f3124c2c12b5c2ab427 1580883252.47934 88 
1580883252.5002658 e08e3fc1cd2ca9df95a9088b376aee88274482db97f8c2a8606eabc0c2615859 1580883252.5005732 88 
1580883252.572004 2f2fa6174188ac25a6915fb8bd78d2af4c6416aec4a40a4b94c0c59071344ca0 1580883252.5724764 87 
1580883252.5844798 847ff6bbdf198ff3d8e8efcca0e59f3d5db5ef32a66afaf364dd82cb32d6b87c 1580883252.584763 88 
1580883253.0513182 73e23f6d1f451ca16cedeccea3cf65bbf2586eb60e4819e4107f0e8e5a1d03e9 1580883253.051746 88 
1580883253.2186735 8df2caa832be6cb532128ecabfb89fde72464d2b1e1494440962ab73b4d9bdd9 1580883253.219035 88 
1580883253.550047 4cef87efb3313552a4a362a2694e3d66231c7627c268bd31dc18bdb121c23bfb 1580883253.550428 87 
1580883253.8380306 438d3da962834b5ec57a95173915f62622c09d81ffdf5064a407bb33dbcdcbe6 1580883253.8384135 88 
1580883253.8671963 2ed002fa92c5a88138284e0c5cc86413da10e0dfd741062094830255006becab 1580883253.867562 88 
1580883253.940827 8db2285c16d4c2f68cd6b009bbf790a80400297fcda76096336290e28935feab 1580883253.9411836 87 
1580883253.9898744 6963d500a61bf884da85f405d456bcc85f690d323a2ece3e0218ebd99700c6d5 1580883253.9903302 88 
1580883254.453179 73986e991dd3a05cbaf912be0007ee84ed1bad3a8b44442d8687fd7d7c7e1fbc 1580883254.4537401 87 
1580883254.5997577 55a278db3ad1ac31ea360df500ce490172a4ee6e5a67cdadbc2841fe2ea892ac 1580883254.600156 88 
1580883255.074135 7a017c5d695494652cd6c8b6340be0c969ba9bf936f949651e43b1b8261834e7 1580883255.0745208 87 
1580883255.4541533 66d75b3f08ed03d08812bea97a0d647dd9d381600032e31f14186fcfb6a49ec9 1580883255.4546342 88 
1580883255.763925 65daba68e6cccb31fa13b5382738d5819a84af0d5f2b9c813cc4f4d0900583c0 1580883255.7643087 87 
1580883256.1229582 cdc3ab49e104403975c2785638415aa8567c668aa9eb82dec1d5abc7b1d706d1 1580883256.1234229 88 
1580883256.210954 eca8a74eaeba25e5b995b4db35e92ee51d45e39a9a9c07d79983d909cb7f27b4 1580883256.21201 87 
1580883256.5634837 735712a4e5a2a3eaaa9330075dd638d13b217fce0a160fd542b2ddc0c368487a 1580883256.5639498 88 
1580883256.6454208 0f96eac9d1e3618a055e72a37361e0f56ad8c5f9a442b8d2e258d17478d1cf43 1580883256.6457946 88 
1580883256.7784734 87826611b231ee27be90180e0a16be0876c974dccd44eee84f6314244cc9723f 1580883256.7788687 88 
1580883257.7060351 dcb9bcd9e8eb68bd507131dfa8826091a2eed56e4dfae52f16ffb3fd7ecf3a1e 1580883257.7064648 88 
1580883257.7833502 3cf234699a3752a6b5a50dde317e81d4cb68e5cd95064742fb9e5aab47f53e32 1580883257.7840097 88 
1580883258.0909476 17891a31c9db5a266b9fdadc9a248257c252b4d59e45ac35b8df72b13f059262 1580883258.0913339 88 
1580883258.3482502 6125c253ff35438382dd0edef0f4354f37b40d5cbbf4071f2e001aad04a85696 1580883258.348624 88 
1580883258.4355268 46a09008e892c46fbf9e7e9d164981d765890b870c0b9844ec9e8a38d13a3168 1580883258.4360278 88 
1580883258.8516676 734b7b26439b222db8c3e2302d01560c72e6c722c73aa0889aeb4d78a6dd255c 1580883258.8520718 88 
1580883258.9835894 f64e03f863e532fb9b4d5c13d8b6d4749cc4027821101f2e242da4b864485a66 1580883258.984004 88 
1580883259.1518157 4bb82fef372692ec52680c6112843bc9827281e52b77a8a67093faf72077b873 1580883259.152307 88 
1580883259.1946008 125a426eff921621b626949ac0ca31499bd24bb10653eed482c52f77d1a14581 1580883259.195069 88 
1580883259.3346636 8e0dab6caa1dbc5183e55a47a6f51b7c9135aac7544d70cb827c1079978fbc8f 1580883259.3351085 88 
1580883259.6093829 18228cfc41cf247b3ebb196a4c54d42971d611883be9ef352c3f649c61eb4302 1580883259.6097524 88 
1580883259.7442217 422c2a626d8fa58e8408e523453d93b0a3d72acc9cc89902aaa99cb36f738896 1580883259.744721 88 
1580883259.7461252 19baf5ebe8feb62d64012a508ad9b77939800db83e88c7b93498e684bf9fd6b9 1580883259.7463396 88 
1580883260.117918 e9ed09690521efd11248d8dacc1bc4f714af670c25d2244a51c9bb634b058263 1580883260.118698 87 
1580883260.2019045 0ef6272e6164a789cd579e6511ae70cdaca8cfe08b27f8162c9b71c014c5ecb9 1580883260.2024426 88 
1580883260.3434503 d84d54795a3877ae0242036ea00869fd04b7f1d88201de3af51c2992da445931 1580883260.3439653 88 
1580883260.4337437 08c4e8d5e9b96d4b8c56c494e14dfb7ba67009e1dfb87446acf35a844e7e4ca0 1580883260.434169 88 
1580883260.5738444 e87629f5fadeafc7bfbb2994905b5ddfb82e0c9e272fb11f3a45b1dd04321c99 1580883260.5742402 88 
1580883260.6430073 28721fbee77774296dde20569948c4b88d8fbe6381ba7fac0bc64c9aab0d52f1 1580883260.6435266 88 
1580883260.8938768 f6bfb28cf93c4329e88f3d52cd44d86699fd9279bfac0b7a1d93befe7cc9143c 1580883260.894311 88 
1580883261.4445736 7f636b90b27c5949f7b642258e650e7db6d856097c48811b87b67fad1b0ef64c 1580883261.4450955 88 
1580883261.6266294 63a6e628da219b47c52bab6398ad0ef1e9b1964cedaf702b664b7a60b2f83175 1580883261.6270247 88 
1580883261.6582496 8ea60a3b7f98c02522a977c2180c7b954bf68bccee01f1d6d40cee01074f20b9 1580883261.658592 88 
1580883261.7350686 e12c0affc291dd32c2f29ece0d8db4d1aa0f398048f8f89f43ad33b19c0a6401 1580883261.7354712 88 
1580883261.7606008 8537b68f3029853ff016db18dcf8f0558e6dcf42504d0d54868f4a82756cb615 1580883261.7611332 88 
1580883262.0607522 1165f62c8a67a52901e0255452a75674c9410fd4664f3332acbce65ce52e653f 1580883262.0611763 88 
1580883262.4670076 b135213bf4b6e74690cc383c034223d91c0fb9f4a2fca86a6af626c60b208cde 1580883262.4674878 88 
1580883262.7338405 0b1c09aedd8ca9a5bdbb2843a1447781f43f49daa12ce35352d9ac98cd18bb60 1580883262.7343628 88 
1580883262.7687232 35eb88355a266ecd576e88c6064156e7e132964c52edf813436aafd69d0a0751 1580883262.7690523 88 
1580883263.2290485 e78f80badc8befd10e2334f7ceb62e7dce775f7e1f38b373982e63477a50ce99 1580883263.2294567 88 
1580883263.3560474 a853622a57fc6abd3487b7c31583ad69a2fbe13e299439cf8a94c0f6df92a286 1580883263.3565333 88 
1580883263.430494 01b288508dc654ddcd61eb969878b89b1b3d2ff10848c51066377cf4c8740adf 1580883263.4310498 87 
1580883263.4797032 23feaf2362879b393979b893a7ffddde49a8c774d4cd300e068229e22a6da3ab 1580883263.4801688 88 
1580883263.5591705 155c4cdac677d0e442d53832d20a2d787c2f70f3086ac4ecf83aa8989ba7d57b 1580883263.5596035 88 
1580883263.6210356 e5db0e1790536d9fb6334676257299fc8b4ad07ebde54c9d671fd8e68279699d 1580883263.6215203 88 
1580883263.7515755 44ae1c8b62cbe9b4304b363047dc4a914a07ad1f3dadc70238f780f2b0dc8772 1580883263.752009 88 
1580883263.9021978 9895643b62af2078417f6fba6760ea1a79d2bcd7585ffa3527ad3e2b86448211 1580883263.9027143 88 
1580883263.9978242 e30cc6d33610c810a5b0b977cc20876f1d42b2e0a3429265934319645a6828bc 1580883263.998336 88 
1580883264.1738923 d7c01f2d7c3ef9a8e152a90b99d0d136cd9513fa6e1fd1df4b2443e6934a6805 1580883264.174241 88 
1580883264.2289987 bda72b9b502d9218d66b61f42760ff6c04a5698bc162e852c51330dab8fb767a 1580883264.2294304 88 
1580883264.297269 e946a788d20184a4f6e85071869dc9389c49a2e2245141eaa4cc29b56fb94a3b 1580883264.297776 87 
1580883264.3140965 d77bfa5a694e9631f5ae6541d687bde202a1faa6d60062e005b21f033c049d5b 1580883264.3143604 88 
1580883264.34404 0dfdff83dd9ee8eb18130be3c2968ec50fc328014b796a10014dad1394207602 1580883264.3444123 86 
1580883264.4370322 efed7f552b9a3b9c6b4ecc056dd3045096fc33768c9aa25c6061f94d06c25478 1580883264.4374914 88 
1580883264.8687048 b6aa6c88877a7d92a4028d7a991253008c029443e152f77e97c779a37f8ebdde 1580883264.8692048 88 
1580883265.159641 0720ab12f583ec31140b139a8b644a169b381b6d4d104c4e1b2d7a45ba8e1264 1580883265.1600215 87 
1580883265.3284314 7a8c3e9650d4795fc77dc4c7a31b56eae64359d165257529a01eeb39d1bd735b 1580883265.3288653 88 
1580883265.429947 eff1949bbb7f062d9aa1424303cd07b7956988ada970eb5f8ab604e9d4a2a03c 1580883265.4303398 87 
1580883265.5142708 6c9608e39db9e0fdd12b2aefd0871b8b156e67ae0f906ea26147f7fa3044bd70 1580883265.5146525 88 
1580883265.7123387 73a75695b3cd602dfd9b03778c33ed51b972caddbb3043f6756f02cf9e687e4f 1580883265.7128682 88 
1580883266.1001036 e5bdbe478f25498efaad864f7aa20cb2ec6bd2a30c1896452338aa1a88f4a97a 1580883266.100555 88 
1580883266.154538 d32a6def61d84fc51f7b543de794754016aec9475beafb4629bbd37650c34191 1580883266.1549041 87 
1580883266.186033 acd7d9723ce3ac44ecab50007530b05689350ee9db4b8613990136f6e2c65767 1580883266.186336 87 
1580883266.6092293 25fac85763fb6ad35c5d7155df0a2e00719d3b66409f6aa57a6ac17dd9eaf810 1580883266.6097202 88 
1580883266.653222 fd53f71c7031dc6394a16a730216d6a8717a147c7ea1718c2a255e228e8ba1e0 1580883266.6536055 87 
1580883266.6569517 b72794868fd2e7ad993c2eca2cf303a6f9c2ffddd8bb07d436fec2fe42dbe8bb 1580883266.657154 88 
1580883267.0689354 12015a219b9dfa4324c7408c1a94e324a0c5abf6f20104a1bd777d0adf7d24d6 1580883267.0694234 88 
1580883267.3818665 8876372ba96fbf7dbd39c681167cb05c24e52f2221ac41403951ed31c9b92dbf 1580883267.3822682 88 
1580883267.3905299 9850428b48a598e4fd633b2e900d8769e9aff49017c248c4c5454f9de77e9409 1580883267.3907278 88 
1580883267.5484905 8b17ebc7c059efe1b771c7f4aad64cf84e9c0170a9b88f0cd0f78c78f2c30a89 1580883267.5489185 88 
1580883267.6690571 c4548fa64f7ea534de2d3ff62d8c62fa46eb8c84f95446c660f811e870efaff5 1580883267.6694849 88 
1580883267.6958172 928dc88d6c25289c46da0b8086e2ddc26c992dbd760ff52d43ba199d62b5dd8c 1580883267.696176 88 
1580883267.7999833 0c3d04cf669801d426246f6f8df76ca38b8c4a2de5734156c6aa1eb04fd02b77 1580883267.8003569 88 
1580883267.8092506 d1ec7734381b366e6f92bd32935b7c1750bdf0314dd4e6248fac5063a54aa86a 1580883267.8094776 88 
1580883268.023625 be76c18240fb936d1ffcc166c2f4f0827ac68ef67f3cb3639bf0dce0798c0fc3 1580883268.0240877 87 
1580883268.386112 952cbdb73d6ef083503d962a780871af2b37f17bda81ecf166e723b90e4827e7 1580883268.3865523 87 
1580883268.4041893 abeca01c5d78e3add68e4878047884f45ad624662886d2c498ff777947bcaa68 1580883268.4044824 88 
1580883268.7063673 6ba6c228bbf067d07e1e5f321f60f2d0caa27e337f1dd7ac25f485b6b71ce17e 1580883268.7068052 88 
1580883268.7463226 96daf88a21458316b26ba58cae3867151b641af60246a908edbc5d43fd6594ca 1580883268.7467728 88 
1580883269.1622608 85e67c1728c64ae373df50db10aa0521cc35eb0cd55b8f3e50269fa7a4c156c5 1580883269.1626513 88 
1580883269.2846792 4f0ee04c9da04c255e8f268e243d5b36832938c7324e0d438f851a10fabe7b5f 1580883269.28506 88 
1580883269.4951012 787a35eec97f56a7de5d2a5f1da7474ae2059ef6a75170fcd061788950b8f24a 1580883269.495615 88 
1580883269.5795856 64bf8247fb82857fdf743ab739875c00db26131e74e55663259c72c5401ce163 1580883269.5800116 88 
1580883269.7595265 ffb31d84805e20e76ba6d902c63be4fa9ca5ea2023b5d2ddf26213ad3225c4a7 1580883269.7600584 88 
1580883269.894403 d2022e8e75d8f0af19d3dc7ee5c1f52f0d4db1926c26adbdaedd18f2c090fbed 1580883269.894824 87 
1580883270.2433617 2820b8475ac212a5d19f25cc001f0b6156f83349a56e965a88e016230be56038 1580883270.2437966 88 
1580883270.3027167 f20b4d8261dfa66ea5ae3ccfdc9cb676ae39e4be06563f9837292dbd52dd0777 1580883270.3031154 88 
1580883270.6533544 0aa180d3c115f7855d1303e82ba169d9eb899d8331828725439de2edf2f9801a 1580883270.6537528 88 
1580883270.6890614 22340d3da0e831a9f8de94719643512009b3beb027525f890aba66f9896d7147 1580883270.6894674 88 
1580883270.7692888 1f8cf63417bd14f432652d8b85a7e8ca9a450ff722c675afc60fb7c3c5402de8 1580883270.7696762 88 
1580883270.8413372 bb855cba7b0c75bcd8589248f311be0c6b8952ba85c1a3afbb44cb68ec02669b 1580883270.8417401 88 
1580883271.1439672 43e5cffa2e3ded261f6f17d0f5a7710078ef7e72326905c7602f5f260c1ea5a2 1580883271.1443834 88 
1580883271.2104132 96f5c31d82269417f054f9f6f7f154c88558fe110a68badd066ef88794cc81c8 1580883271.2108605 88 
1580883271.470961 d64bfbf2e129751b996e1f04e501c7b9133a0abc01f86651bb8224487438888d 1580883271.4714324 87 
1580883271.4756737 c1a7328412d63a935509b913c3573b45975f88e4e2abb13e6d626413fce16418 1580883271.475885 88 
1580883271.5040205 2bb418f59d9defe25d5d38568563bdfd6625882270d9b8e5e41948f2fb3d8289 1580883271.504424 88 
1580883271.964452 b5023a52b05ccaa1117f35a339117f588fed2369d3f53c5a02899ef21f206357 1580883271.9649813 87 
1580883272.740787 6ceaf4c46e42116830cda77480c01789b2d96a90b765f68fb87a10ae4607aae8 1580883272.74131 87 
1580883272.7524698 eff207d84dfadccc80c8ae501bdaef14fc939f57e22c8645d6ac1e501ca373b9 1580883272.7526774 88 
1580883273.8075166 5108584bfe7910fa239b867a0a29ff9794d5359416b2bd2644147489c97adcad 1580883273.8080056 88 
1580883273.94241 1e6ca3ba2fbfcafcdb97ffd6b95efb7c27b444c0793f9aa953d609cfb976a7af 1580883273.9428442 86 
1580883273.986372 ebfe45b04003890ecf51b9acc11ae7393f65c21249645898f0e84bdaa4257bbd 1580883273.9867773 87 
1580883273.9898038 ed02924f73fa501fb412e00a9fdaa40fea67db6d16180555f0e1cdf3806aa184 1580883273.990008 88 
1580883274.1846821 8ded65b84b050bca5e1284a4b45340409c12f80825ebda8a2df943d264441bcf 1580883274.1850529 88 
1580883274.2633643 2724f8a15cb355fb43ab861660422ec3c6f9cf57710f1660f2a58fe824829af9 1580883274.2637315 88 
1580883274.273557 666bbcb2a464e2d166a3c66e78804c0ba18c6929a76ecd1a1eab8ee1b513877c 1580883274.2738085 87 
1580883274.437323 332af9f0b99760aa48ca15f2aa3be7e14d4ef59664be3a2aa299ea83e5c4fab7 1580883274.437786 87 
1580883274.7882583 0b88c57bafa21e57e01e78ed6ee05513d979535e84a459580ab6d36e7829dad2 1580883274.7886598 88 
1580883274.9181187 51cb274aa2b387dd87ecbc329955deb3fe72369e09910b3799b53a7caf6ffc8b 1580883274.9184852 88 
1580883274.956338 064bf2051421f56fcfaf2cf1d760883016f63a58a823aca788ac55f5020d0161 1580883274.9566684 87 
1580883275.088524 90ce613c2b0184f56b81bfcfaf792bf5cbd93ff32929001a788e2bb06219b555 1580883275.08896 87 
1580883275.1387181 a9c1282fd5f624a153ff4b9f7280034125e3d6e545dcbb1fb61c5624992a91af 1580883275.1391692 88 
1580883275.1836495 6377fc29efd52588d2b048442283bc87df8ab7e6f750e2d6e9cb78d1a39fde58 1580883275.1844194 88 
1580883275.2019496 48e756c7a53c02c182fdd045a34d404ced4b158ea858f716cc945df88a5e4467 1580883275.2022195 88 
1580883275.5364861 c22abcaea65a32efc4bbcc18ff30337a3db7dd6b5a72be47b1d2527f52281742 1580883275.5369613 88 
1580883275.5957978 69ea201ed6d1040cfc1fa9fcd734d4ae530dc478c0b9cd57431e21e09bc742fe 1580883275.596166 88 
1580883276.2778456 c2e542628ecef1445f93fd048a264aabb89c3ee84f0e1d9b41ffeb3342dd8103 1580883276.2782147 88 
1580883276.5444937 64bd291bdd6ed923df6fe56b06d0c9b6b30d657474b6134b7f1a2eefd72a4ac9 1580883276.5449538 88 
1580883276.6563396 40b1baf6031b79de8a173cc12c239d25182524f292f13f04d68269a230a5113c 1580883276.656788 88 
1580883276.7132263 ac13c099229d8626e3c5058f476fac317d9497a73f9d04aa0eb9de3ca8fbcd84 1580883276.7136862 88 
1580883276.8723562 50d1e63efb15f875dacd513407b4a9c2811439a99faee293b3e1f24058694539 1580883276.8728597 88 
1580883277.0774546 2d0b3b79dd807e48c46e88d3482586ac94c6c48c351a5005516271e165eb8f78 1580883277.077981 88 
1580883277.382088 24daf0f93589c6a78c638f814d49a79f55bc6d79d28b7616226250bb1677d837 1580883277.3824966 87 
1580883277.535242 61f6a190b8d6a26d2ee62a21283c1772503d61e7a67dd418486cb68979ce4082 1580883277.5356622 87 
1580883277.552705 873c0e569864b7c401c2d704a50d2403af432a23138bd2bf8dfa21069e111074 1580883277.5530117 87 
1580883278.005733 1941499601ec69eb43ceed3a11aec7a2ca8ab46864cbb445c8b1def1faad1475 1580883278.0061362 87 
1580883278.0376747 518cb72496577a25b4dcedc5160613c69cb131265747273db2c5586ee7e656a4 1580883278.0381658 88 
1580883278.0636563 14670d7cc9e1e4681f1714bc15f5a9c5d49c9dcfbbaaf37878f5e116540203ce 1580883278.0640206 88 
1580883279.0410588 8e98000e52706d711998f1d6b64a75ba4f1d57e40e3b5840f5322cf945d673ce 1580883279.0414455 88 
1580883279.0447552 2dc85b76fcddb1721b35466f0940c8a0ecc0ea2807ef2fa67173e3af5c634809 1580883279.0449555 88 
1580883279.2250493 ba9077f129bb4163f3316bd364ffba617515f0885c5e37835061a7645adec17e 1580883279.2254412 88 
1580883279.29578 e1e9bad18e2882b11d4a6c25ee512ffae7a9e5d6616248767c0955667bc255ed 1580883279.2962236 86 
1580883279.301625 f499ce3bfb68701abaa46877cea6e2b533e5e3935999f0e757913e385ceb4475 1580883279.3018699 87 
1580883279.8853445 a8c776f9f813c439c474fea670ccbfed0bf6f92c20f0bfbc83cf811864d81354 1580883279.8857956 88 
1580883280.2242002 88c6b2657efb354eedbc0b2fd0314f908b7af4da63dfff8b01c68148d206bca8 1580883280.2245615 88 
1580883280.386608 e3b22c761f345717b7d0e0726e85df34d2c99d69c837e725980758347542c777 1580883280.3869698 87 
1580883280.6951153 40c13756b0535495bf21b0916871ed4024f21566d466bbc42c401bdd5906eace 1580883280.6954854 88 
1580883280.766879 68c1953351ece9645f6b5c2457bc6bb59c57cff3ed540745cdf2dab140942b8d 1580883280.767249 87 
1580883280.8813205 132cf51b2a7904feb1a5efbb5ec0b610c7c13685ac06df3a97d6737ace25aa0b 1580883280.881795 88 
1580883281.0343313 77f601449400b717dc492490528bb61f574d7c9f536a943615c870e940f9c307 1580883281.034774 88 
1580883281.3199933 44bfbb22830c3ab7633df2c9390f745ddc993674b883166edc3d54dd03501c59 1580883281.3204238 88 
1580883281.6434653 495464fce919e5bf9a32739b74ab15467703c0fe3367229f6d4ff14732537868 1580883281.643851 88 
1580883282.0405824 c8787fa57726ad4a57c39cb7e186c931fefa4a359bd8b76d583e814b89fa05fc 1580883282.0410328 88 
1580883282.0500822 c1ffcddfd6edadd397c67513c1e0ef17549d287bad72926a50340ef06499596c 1580883282.0503578 88 
1580883282.1964908 97bd51fbf6b6dbb7b1c174399700876c631e154b1784c9168428fca99b7242ad 1580883282.1969047 88 
1580883282.2690876 138a3ac54c3ca9f98aa6d0e763708cda902a75b39224a20c6f58704748ea0694 1580883282.2694645 88 
1580883282.2752757 d73f72faecb543c82a04803dd28fd22357c5d0de588e547957b1871199f5920b 1580883282.2754858 88 
1580883282.4204743 86358fbe272a5f2544d23a971a8de4c93ab8b97e691a2c59f9fe8e8383088053 1580883282.4208887 88 
1580883282.50025 7f3a596e03c6c5f9ba200238f4de1182131ab2ea3faf791f5b77c5e4f2e360b1 1580883282.500639 86 
1580883282.8743017 26c87e1206b72d25c3c0d2a6421714b5ae23d25cbdc92fed1e365e60ae9fc88f 1580883282.8747458 88 
1580883282.8837352 5f36a287952e8af49f2613fd6d222175df12d96235a310fc4232d84a14138989 1580883282.8839695 88 
1580883283.0104437 add56576183fcf47b5b3da0e3c2823325a07ae858334470cd03c3b05d7163c7e 1580883283.010888 88 
1580883283.3127215 89e360178d36387dd79ea641f8eb32940e410daa02ad87e147d3b2bbe5b5a937 1580883283.3132455 88 
1580883283.5206013 56a54d63e657a4f51be9656e01d94ad4ee8cab4cadbbe79afcfe7a38b3f62eb9 1580883283.5210354 88 
1580883283.5849447 22c6d3525343c467d1d972a8488dbd359361d3f999b862434f48a2eb1bf45e4d 1580883283.58549 88 
1580883283.719734 da7b601ccf36c0197fcaf450f4fe6230c5d3831dc0914bc6add2cce6fd2f2ce4 1580883283.72013 87 
1580883284.088941 f1e9f6f65f9c56806e837cd301e47a3c25eacb7a442eb58af8eded7c087f02a1 1580883284.0893977 87 
1580883284.344428 651f50737eed2a3e0c96f44a7c3fd3b0cceb79062e385a67c355432ea7cadc66 1580883284.3448055 87 
1580883284.3957531 af3a617d8ae5b2e40a010b66d7cf691d4261d1aed5e64cf482d6fa5231b93b9b 1580883284.3961728 88 
1580883284.4579432 e006014cc663855e55e264e787d7393289d7994c07e5c7ac2f34c7893e224a05 1580883284.4583254 88 
1580883284.4976254 9f817d80fe843a5af6b8ab9292a50e39a4b8cfdd0d1eaf079abfb34a69bff1e2 1580883284.498029 88 
1580883284.737955 79b939d5345049d620db6782a544344daf10bf7eecf07a79a84dd325988a89e2 1580883284.738333 87 
1580883284.9325616 b4fddc51a436a6762420882445971ab261062daf2df2ddf097425e1add693c3c 1580883284.9330008 88 
1580883284.9831767 77399603d32fb9e428a7136f927c580a6e9d8813ed200b34886afe04a4193109 1580883284.9836621 88 
1580883285.2869937 e2d8fb207e8b196000673b9caba1b8919229a6bd7b4b1843f98df30b1ad777fa 1580883285.287514 88 
1580883285.4270077 d12eba7c94a90883ba634cb02987c3d627861c94a20fbfccd17cd1a726e78f0d 1580883285.4274604 88 
1580883285.5547607 a6d629e100283dc27ffd0a5f05684d0687a657b70c3e4e55787e983b439a1b31 1580883285.5552876 88 
1580883285.556188 fba1fdfba3230e45fcad4f34f0359b2d93602cbd115d929160e295d770efb8d2 1580883285.5563908 87 
1580883285.7350388 eb28b4c2972ad89bb5cc358e15cd0fb019221feae43cc35bb0be2cb3e898dfd9 1580883285.7355917 88 
1580883285.786742 f063a2f2675b393616bec1f9490872511f639a431eec83846da0b2ce2456d1c8 1580883285.7872212 87 
1580883285.9286199 1f026943dbeb1b8d3670b82d527440e53ec43f17aeec17629505c0ebd19f520e 1580883285.9291244 88 
1580883286.229191 ec012fb5308488b316b32e3fe4daa81ac59f6bd5b87cad78005d53823559b972 1580883286.2295766 87 
1580883286.323599 18b785406e866367a3b4abeee4b42ac3f73db4f24079d77830b9c99ec2b23e92 1580883286.324094 87 
1580883286.3930898 67e10f8cb3fcc98f3d6c0c31b318bffaecb9a5186e8fe3d0edf8d977bac8791c 1580883286.3936217 88 
1580883286.5311148 ed17e28fda8d6f8ec88b7e006565dccdbfec24b905fb7c4093598251bb3585ee 1580883286.5315707 88 
1580883286.6101549 ab85c32b3a7649654404d81fba3b8039e9b3ccff8287e5fd1113efb808400c6c 1580883286.6105871 88 
1580883286.6253703 39251b826a2300df6cadf972e5df12b28fe48b4523b47fce4e7fe104ed4d9bcf 1580883286.6256506 88 
1580883286.6597533 4602833a483adab663491995de147c76ee869a0803c7d42daeb18a2c445e6458 1580883286.6601224 88 
1580883287.3446639 0cf569c16933c3c59afb794b758383ce34d9b990b817976f2820f798dde326d2 1580883287.3451824 88 
1580883287.5869813 05eb762480e88c12b1f8376cf4e322bc6a59cbdfd16598c213795549e19be548 1580883287.5874934 88 
1580883287.6550395 e73a28e1e603c3e1a075e44e2157e6d7e443152c0bf23b06e919bfa9c94056db 1580883287.655423 88 
1580883287.7339704 8055748949a9a8f2dbd4b2b3a2ded778884ea5bb11f5f99cf4340e3f26fb024b 1580883287.734342 88 
1580883287.8230932 5501eb1821c6c11233f717a1047c335368bbf40a79ee7e4cc8de245fb9fd5556 1580883287.823516 88 
1580883287.9302056 5c470822b003798f2ef579f7fcdd12a8fc761f98b68fdf954ca98be39356348b 1580883287.930753 88 
1580883287.956424 d5be3196af1cee40d4f35e91dc20431eed7bb1ee21df0f086e31ae7f8feeb602 1580883287.956804 87 
1580883288.0774145 606c3aa4ff947280274c0b1f02b785cd343e59829551e82c5decf3a3db9f2c07 1580883288.0778089 88 
1580883288.1737247 54c5a737eac4387ca6f4b3338c60598818e9478862c0700b1ec7bc36bf15fa6c 1580883288.1741443 88 
1580883288.266447 95a1cc9733cd28b1da17fa867b071594dd5fb51c2f305629f354b7619abb1c2e 1580883288.2668552 87 
1580883288.3876834 9c3998f90ade6494a9ce81b5f598e4fccbe5b8f028c58f24012e8409f4099a02 1580883288.3880756 88 
1580883288.402117 2bf53b79726ce7be89ebe7982fb402251dc3d26193e6f4c553befa524dd1e9b2 1580883288.4024057 87 
1580883288.5035136 17ef324b928055a3bb99e05022bf803c1b7013a9d0db67bf2389d1a1387c0e6a 1580883288.5039065 88 
1580883288.60767 9faac0add6254d82cae029516a9a3a7ef0544efa8579e05df939ac5c5d02d205 1580883288.6080668 86 
1580883288.6144342 97b63614e8b1d48e68817356b307baecc559aff00636f4d0e7fabd15ce4e7065 1580883288.6146674 88 
1580883288.7015383 6b0ed9ce609f98308d7caadd61dca8ddefc832de71bed29e781e2c6603461f7c 1580883288.7020066 88 
1580883289.2900395 5f56cf2de8eab3063a32838ae4da7ecd99f7f56bab7dd2f2967d72ecf876d9d1 1580883289.2905185 88 
1580883289.4520016 471df5d1ef63019041901d94aaba1fb56c325d67fcea42d2efce7991ccd08180 1580883289.4523675 88 
1580883289.5639317 8d29db232fb7d11d84a0b8e82b0cf4db1fdd4b529c871d457e3cf7b9918f6431 1580883289.5643942 88 
1580883289.7740664 7a139668efa5e6c57d8f1cdd7852bbb072adb2a776a97c41d53ba83c9897e91a 1580883289.7744937 88 
1580883289.9060605 64f838778499a4eca8a965ac5d93d489c7457d7e79797bf5daf9bbbbbcc4ee14 1580883289.9065003 88 
1580883290.0301292 8c2f8de78921bde610e55200ba0164cf3265d57618af78af098c9a14b64a8530 1580883290.030492 88 
1580883290.0313141 c4d4b0650436862663354ec072c603614aa778618772dc00581da20a02d5ccd4 1580883290.031529 88 
1580883290.229646 4c0ac34217ee0b8d322c9a4d82d62650203748621763491e5517a9ff476f31a0 1580883290.230112 87 
1580883290.4425418 154adb18101b99aba40e39cfa20b1157133c8acf70a47126e13ec9d18d2e3a0f 1580883290.4430492 88 
1580883290.7803502 562a81cc124b09bdbb46a3bb4ba3086c3016d6acf18ad955dc565251d44a5fd6 1580883290.7807868 88 
1580883290.9577796 9771a3a456eb52c2938237b9ffa4762160c7b4970acd0982a4e62b158c376f11 1580883290.958304 88 
1580883291.0621383 115ccc8882ce6bc20a9460a5a93139e25bfee980723f41c0389d692c5545de90 1580883291.0626423 88 
1580883291.1624765 90722d084cd363cc201bcf98bd85fb825c055f2344419deb1a483ac8d347869b 1580883291.1628745 88 
1580883291.3467515 46e0bdc240f09cb520d58e5d432b528bec3d4338ab8a095b9eff4af4498e2a5f 1580883291.347126 88 
1580883291.3737688 81cf5e8e6c02be13e0c263ef25818389ec682e0cae21a5eb7359b2955b68dd6f 1580883291.3740814 88 
1580883291.4003632 d362c0348e4f45feccb9e52d494627f86a2faecff220879f1307fb3f0d08f51b 1580883291.400674 88 
1580883291.6129746 576600a4a7889aae17487c37b7c07a859bdadc1f69c237367e9cb8f8c2549171 1580883291.6134143 88 
1580883291.6459897 ff9c362b026c48e7a3be266923dcd2bd1cfa90abfcec2dae0e5f2fb8c8101f28 1580883291.646437 88 
1580883292.2611165 fc94356190aaad3f8552faa1e27d363176c0c42564f14b08abb6434a0228c1c0 1580883292.2615213 88 
1580883292.4078069 3938c99ac2b311320baaa668181c8e3a06283bd447331fd3dd1968d75913de2f 1580883292.408191 88 
1580883292.5351224 9b6d0cff195250a26736ab73456a72cdf4caebde8dcfaa7aed094429cbd2d5b3 1580883292.5355752 88 
1580883292.990947 880b3c49e1b78bf34358054e93b38c7fc873d409fd5573b700122f0264017272 1580883292.9914348 87 
1580883293.1014998 22dfa1a448e116e6e98eae1f27e350ef9bbc86089c592bcec4f4ca48d9d351b2 1580883293.101996 88 
1580883293.2030623 056357ae99bcfcc531e8fd33e345defa2726439afd896d6c3a8d8ffc02f3e38a 1580883293.2036088 88 
1580883293.2228255 084cb94bef601dba05385029e38774d0feb34195e2e85ab7b79a4e251097e57e 1580883293.2230587 88 
1580883293.3379898 8c7d42cc59fe194768d93ae7c5784776ca41d0e83ea43b78f2912688ff68ad77 1580883293.3383973 88 
1580883293.4213898 e45fd273a15990155825144b0131aa7942998f4a5676afd9a318696d7957ae8b 1580883293.4217694 88 
1580883293.4508328 898fb387e087a78d49485c6f41690f328f907b310cf4e8272c0c610ff4c50700 1580883293.4512 88 
1580883293.4605763 2c8454ca7b8ab8eb5c734cc22fd3450c1507772d1ec6f22497bdc7d6b0f69ae7 1580883293.4608474 88 
1580883293.5756607 08e567e91a66993d86426192b9da309847b04c5e6e552967279418e4d739a5ed 1580883293.5761197 88 
1580883293.6905432 bb14b3c35c8fa2ac0fbd260aaab98af3b9b9044d4b22afe86a200140ffb5558f 1580883293.6909409 88 
1580883294.3078558 9b7804fcb86df22709be03d236ef9120621b3433e6eab2dfd10fb87a04076882 1580883294.308345 88 
1580883294.4872181 a61ef8846182491cd718ccc9b71a6c74bf71d66f3c60b13a0b4875ebbc97b4b6 1580883294.4876437 88 
1580883294.6991048 aaa4a1b560525587a8b0b48bf04ea2550a28a0b6c4696c6106c7c3d2024cb4c2 1580883294.6995149 88 
1580883295.0337317 b77598de705772ff3bc41ce9e9b33ab2d4c01f783b192a434b003b2d35acd439 1580883295.0341296 88 
1580883295.1718311 099a6150c63de9504d0d268fb4db52adb8cb97f6c82bdd72e9a5832e05e6b0ad 1580883295.172262 88 
1580883295.7778785 d9459fe2f667ff797024c81262811686c3cba2cff7bb9decc0600990186d9fa3 1580883295.7782533 88 
1580883296.0961506 4df7a0e1ecbbc1bb12954a89056556ab878101e279d66f7e512be527ae5c9480 1580883296.0965197 88 
1580883296.52798 5fb5b9471be5347f3d5f5981cad63ed3126f7e43551d55b80e7f865d15c62b8d 1580883296.5283444 86 
1580883296.6706238 403409814c3351a3d49becb1b951398841007c2907e758742de97dee97e46654 1580883296.6710382 88 
1580883296.7562706 797e4af61bcbb19e0e74beb85476baa1415de7e4d8371bc6223d1150d8ce530b 1580883296.7566407 88 
1580883297.1463537 ba6f7a803fb59c477d758adae4b20e62b6214a4a671de1d0636b0b81b8330709 1580883297.146976 88 
1580883297.4611485 8d79ed204480c49813365e1d0330084ceea07cdf071d81a076740526468ed038 1580883297.4615765 88 
1580883297.8001952 56e11aa7ec207072dc4305d97e3958d5a8d2259d969cabfadc335717695fa6d1 1580883297.8005898 88 
1580883298.138752 d8c70024c11cc50bd2f4d34afb6153db0c767be22f25cb7da6465309af7c683a 1580883298.139125 87 
1580883298.595483 d33bc1a7b7d01cd3a7aa91edd9f525be448c83dc1726153c3baf8941be0cc2cd 1580883298.5959744 87 
1580883298.7511704 c74608797f439eb100409641853f34c68fe76250fe33742556dc11986298bee5 1580883298.751596 88 
1580883298.9960747 fb573f93d8b69d9d0d5cfd983cbc75d74b819113cdb3d6500d9ba8725ebe672b 1580883298.9965308 88 
1580883299.548462 ef81ca508c48c95788cb9cc0b452be922774bf09a185095cbdfbe5c5a799427c 1580883299.548861 87 
1580883299.6606581 90dc9b7531acb35dc0baeb63dabacc88510d0a922ba65162f610256141a0627e 1580883299.6610644 88 
1580883299.736752 92dbd24050f519353411a5a490b7325bb0525101d41811f09e5562e72695f66c 1580883299.7372367 87 
1580883299.8428428 17672ee4b953b97abf6169b0ccc294ed7797dfced1a395fd282f5b0702d9456e 1580883299.843218 88 
1580883299.9746208 bd2f74066d19f8b942418e81c2cb397018fd1c85ad916fcc843dde80ccdb2f4f 1580883299.9750476 88 
1580883300.0443046 1cea1bdf8d2f216d920063379819b0dc8d67f8f1aa590bb4c4300e4fad39017d 1580883300.0446823 88 
1580883300.048417 861b2a70ce7573f4e35b3a82b17fe925f747e380ee188c6df381d39fcc00565b 1580883300.048615 87 
1580883300.2170556 b489850dbd3d4b64875c61aa2d5f24985c663f71769a378f4d9660086e078bbb 1580883300.2174368 88 
1580883300.2248812 2453282438f2deb0073f26aa5c4965d7d2182daafc38aa39b10ad2ff5d9ff4ca 1580883300.2251127 88 
1580883300.605136 7b44a7f8e300be344258dc29ac9ed31ac07107bcbdc8eb879e711794f060330a 1580883300.6055925 87 
1580883300.6556716 b82b62d45c606bd0f1054b238fc3c23088a4ce34831df72dde572fc0d0e69ed3 1580883300.6560636 88 
1580883300.7315087 a04a37d15dad388a2d869edbd9b3b3e5af01915835d1a4972844ef49af5c0c07 1580883300.732105 88 
1580883300.7505856 9d209fd50f9da959228b8b297462f9c10ad09450839e47816af0ee70364c36f0 1580883300.7508361 88 
1580883300.9762192 3e7e6da2bb029e51d08b3432afe2671944d6c2a7aa2df7e10056a51274162816 1580883300.9766603 88 
1580883301.2240334 37ce7feab0798d4941205d3c8be9ac74bc5053aebdf71e06c496d0c323d0dfe8 1580883301.2244115 88 
1580883301.2317944 c765c75993d326a177b3e8133561ccc9566afe3e44d478d7968d8dfef8ae6b79 1580883301.2321875 88 
1580883301.2581892 178027e7cd9bc6855dcb092bed48e71b82bbf5c26a277ed8feaef55e9779f630 1580883301.2585042 88 
1580883301.3610327 43951fdcd0be1efefe6697034cff6847f9d473c09baae4bc7c3f17a32b9c91af 1580883301.3615267 88 
1580883301.398873 cedb7e1ef147321687887162ca00582f306bf6cff9f1fb1123f1c5616ee59f34 1580883301.3992634 87 
1580883301.629877 8a26f6cf620d285de95699d649fcdc3914396f8b63a59f354f750676d2676a60 1580883301.6302364 87 
1580883302.1337428 08ebee3105e1abcebcfc07768234e123d8e10c7064c59b2a1754187fa829ec76 1580883302.1342452 88 
1580883302.6263807 4ffc8b9e9401df485f58403352813aa0a413db46ee6635154fd8d328f395c45e 1580883302.62687 88 
1580883303.0781138 355d44add67997ec5802b944f7bb187d66dab46c772a57f7e378715a86070bfd 1580883303.0785205 88 
1580883303.120707 13b6e306ef44b9cee45143bfda83e6faedd939b93b3563212b86c3be6405651a 1580883303.1211207 87 
1580883303.2260137 667b6baf626d11fc1d94b61afc0a51d89592909aa95ed52f238b2aac6502c180 1580883303.2269013 88 
1580883303.9308825 8e8a1e3d654f07547f383ac3d9737c40655f6301b000ebd00f524151b1d4939d 1580883303.9315023 88 
1580883303.9669626 7831ddbc4f347f4dc0b21216dc1a9356f2a7d44c475bff7580a159e2cd99bd8a 1580883303.9674397 88 
1580883304.083507 f75fb2fdc563e178307dbefdab99ba48a1c9d97fc03380dfc4e2b7a53d5437d6 1580883304.0838983 87 
1580883304.2965264 f54cf8cc6b9cf6d5d814e146e5e845da9579e2f089af6b086aae51dec5b61a8d 1580883304.2969975 88 
1580883304.4553466 d7cc7de516638caa5d1a08446af0abe0e0cc4ec7ae2e51553afeb0a10f5be92b 1580883304.4558327 88 
1580883304.5053658 cf1200f00444f232dfd50218383673d757187ddd0e395bd2cc5925eae71bcf47 1580883304.5057216 88 
1580883304.5556262 079e493906e5f356deaac981e65b3346d046ee7b59ecda5121b51acfd8ece1a1 1580883304.556028 88 
1580883304.7920215 5dbc6ebb0db6242e35dee187c3a246023266df0a222b958443b0d63b62b5d4ad 1580883304.7924092 88 
1580883304.8352935 008d119550aeb83323deff45a472fe31445b6f3c682250453c565380911e057b 1580883304.8356712 88 
1580883305.1069255 63144addc047625b86b9501e916333514cbce1c6f90a593e7e6955800b58e1ec 1580883305.107363 88 
1580883305.5141985 a4e82ba8a018dd212cd9a708cc83bc4e1b904377d6257fbb795e302b8f64c9ca 1580883305.5146902 88 
1580883305.6273015 dd8f8ae89c55392b70e10d5b52da12db87d85b98e398fdbaa58baae98c8dd71f 1580883305.6277595 88 
1580883305.6704967 645a2279854883d6b1e0f54a17a23e23b92650990d54d95e9295870db97a5d58 1580883305.670856 88 
1580883305.7267344 6d1119927224cad40a46db5d3540c32a44322b68d9260702ebc0a8641befdca4 1580883305.727212 88 
1580883306.7045412 929ff936b65fe51657481d67e43ff4f2949842c2f728771be759769418b5b22e 1580883306.704948 88 
1580883306.7202315 b544d92d49fe8d0fd54b3ba5b8a2d1add885d8785b1129ee79a694ac4f660e7b 1580883306.7204792 88 
1580883306.734402 9f27cca2c88403485033552e11cb2c91ce10a82306661b93b35e1dde00b71a5c 1580883306.7346852 87 
1580883307.0350635 dd17f472173272b5439541efdb3a2344c3dbb7a1daf269f8175fc1d9ca204f48 1580883307.0354621 88 
1580883307.2127717 d3f192e38f92441f2f34a88fc8200135feb585dcf95a5f33a4ea5e9f6edc7914 1580883307.2131398 88 
1580883307.6085255 62d1b6b2b44c68451a267335937db38476326832a0100b2122e5acb2f64fc92d 1580883307.6089208 88 
1580883307.952929 ca30c4e72d6fb39464789b8a359bd45374dac68e36c1312a3e8f424097d12293 1580883307.9534152 87 
1580883307.9702327 50b369b0e94311ad2474f9ac2ae4f2e45562c001ae71b059a35df29d70974de2 1580883307.9705229 88 
1580883308.1745744 bcb6f5688c6932acbd1c3655f33f54482979bda4cb3ca94ae382bef36067e11c 1580883308.174943 88 
1580883308.5202713 d1445528fd988371e978345234da34d0f522a1568ed48dcbc68285d10400df86 1580883308.5206642 88 
1580883308.5307941 b4fd997978f985c0a7fdba9ce73abd1c74d87ff4c04b7d38988c2e6fc36e1d80 1580883308.531035 88 
1580883308.598136 432f0b1dbda0c1282e2270fc9a4a7c0fc9e8ab03fc7d6f0ba84ca70be20f7a36 1580883308.5988107 87 
1580883308.6921885 c6c00bc9e6d7be303668694e963d34806988a3b379b31aaaea7943cde44a366c 1580883308.6926405 88 
1580883309.0047379 57d2a87205daf49954142a685e1f2fcfda6bfa639776eeb54a6c944011f0430d 1580883309.0052361 88 
1580883309.0428467 d6c19404de3eaa805a7b79e810a0838f246806f051ea202e08d739940efcd8cd 1580883309.0432122 88 
1580883309.7069576 56635064a5b7646073d16b24df704522bd0a379b56bc372a3be14842c0882b59 1580883309.7074773 88 
1580883309.7651486 900f370e658ef4d7026ff6e86eba76a47c1e0cc9f5fe37f5bc1bbaa06ae9d507 1580883309.7656624 88 
1580883310.1983943 ad16377c33728a9217598308024e31c07f119a45e4edeec9927f891a997aa34f 1580883310.1988623 88 
1580883310.249798 3d5ebdededceab829e058b4414c42e629a822732f56b2e5f44afaea806e97b64 1580883310.2502334 87 
1580883310.5035584 edf025d647efb319d96e319f709e2bf361adc481bf940cd457e313e42f24bab8 1580883310.504033 88 
1580883310.547751 500ba861473556b759a656fdd93734bd5774924e7de6eb6dadbbc9f8ba7404f6 1580883310.548161 87 
1580883310.6373196 efbe16cbbb9a4c8f590ac5878841323917a97c43d573a65b8ec76109f5d80b8f 1580883310.6377892 88 
1580883310.8945205 afbd24ea3b3ce3d2045ce5ae3705701b5a15c5f5b44c86330271cc4097efb2ba 1580883310.8950236 88 
1580883310.9448495 4b23e0a2ebf41e80f677a8d140363689fb6a9083685b4f2003276c2150e6edf7 1580883310.9453654 88 
1580883311.273855 6522ec274747f5768bf83434ef5cd08c59413d89289064fbf962a6a12a50da8a 1580883311.2744129 87 
1580883311.274351 d83d881efdd11b8f95bc8e398592845bd61318d9c5cd2e977925e58d751fa54a 1580883311.2746043 87 
1580883311.2991498 3e5d6e8de7d679d859509d410b9d07fdd9a35e7e468a42608300b4421e1fbe96 1580883311.2999172 88 
1580883311.7823994 3d65e8df16f2de304d4ca2757ea87f5615676d9d9f196061da48ad289726862a 1580883311.782758 88 
1580883311.819272 3eac7632ada06a7f342b7e6b4e63e92b7499c0c6957011457fa3eaa1f19a8d20 1580883311.819624 87 
1580883311.8557653 d91dc78ac3dfab83eff2f1a1e7ccd3cb74f671de96bd027f47468e80ce2bcd18 1580883311.8562443 88 
1580883311.9071383 bd8c177a8ccea70d3f1c644e86c2a4603e5e4a64639958f84f086b54904ffdfd 1580883311.9075377 88 
1580883312.439266 c5f03d1bb14fab20001deb478be4c02329b7c3efdf2f248e032a145959738174 1580883312.4397988 87 
1580883312.4861412 dcd2278a3bc1b6a36d7ba663c278bd09127c94e3b4ec27e34c521a16a1e91e35 1580883312.4865303 88 
1580883312.549643 b5ce2c453f2b52558fe1043942e0bc0e9890b12161391548b68e2767563f4c1b 1580883312.5501494 87 
1580883313.0125546 a58f70657e2d9740ee8110d869079d4cd2c3cd5d3b27738166716696d77813e2 1580883313.0129807 88 
1580883313.0909965 2b0b1358803e00bb367c130a23a4decaf7c1774f7416755e009a4d74dbd7590d 1580883313.0914512 88 
1580883313.1099634 83470b09623fd4d1713d1c0d05816b302a8888f2a6c16e0107721f2821e39cb1 1580883313.1102405 88 
1580883314.2152364 989034ca178890662dce592e48597c31ea8003d429cce4a82fcd329076aca2ae 1580883314.2245932 88 
1580883314.2430167 371acd07020b44df244ab32ad8a11dad3f9242f5858cd81823f2edc5c6fd668a 1580883314.2464623 88 
1580883314.755165 7fc609fc48f73c4f54329c14a05ce746123284ce71e58a9bf586fbbf01c0d5d3 1580883314.7555974 87 
1580883315.0627842 8909a10ae9af04f88375a36fef72afec9c6342012fd6354cbf04ca29d354b8b2 1580883315.0632107 88 
1580883315.4621522 b14c151d0cba2e52e3f1b8fc12f677ca50863ddb7d4c7b665c74da5383108bf3 1580883315.46267 88 
1580883315.5473154 669768e38450f3a550fb28f5ecfbfba4d83d29ed09fc7567a7e69813ecbbd5ca 1580883315.5476856 88 
1580883315.6675582 8c08d8ef7595e9385b4ed775d2185de83f15eec1a54a73705cc08d21edb9bc95 1580883315.6680627 88 
1580883315.792538 03e7c578a492dbae7f3f6290f860cbeeb9f89449c6fb277ccae0d88dc2665d17 1580883315.792922 87 
1580883316.0060825 dc6b4e67f0bc75b3cd37cf5fe86e1332e1803ec351e3e049fdaeb99f8ef366e5 1580883316.0065322 88 
1580883316.5360675 b503a01088d15a0a65a936eaf4217f6d563a43ad25f33ea680d06344b300e9e2 1580883316.5366397 88 
1580883316.9493566 acdc73c9908dcb9b812ae0126a2135b12b5b9a4177f4aa881aeaf535f57d3721 1580883316.9498627 88 
1580883317.0057428 3c3a25bfa183970b1d050c5cbfd67649451eaed2d544e92c8fb913017fc33a94 1580883317.0061145 88 
1580883317.0759554 7feef18c2d5d2714f387c76bc2f77decc47f13ae763241a5395a2e3dc6ffc5a9 1580883317.076384 88 
1580883317.1544406 f3eadbb3e443b6edecd3b4e2195c8aea3479d6522e12dd5c536e61748e0245e9 1580883317.1548042 88 
1580883317.2642152 164118ab82334b93070ac7ed4e3c29d6e550c9f21a004886d06697081248d845 1580883317.2647657 88 
1580883317.819879 0cfad1c92843cfb161be6bae93a8d2ad5ff8f6237e2deb90a7b8d2c145bbc35e 1580883317.820267 87 
1580883318.0593169 5933c382b4ede8d76888c049f00ba3f58183616fc39b29c8172985b9d6c08d0e 1580883318.059825 88 
1580883318.2452388 7348dae9c2695e7052d69a56f20f98de7e7e8d9b378165014f6d88904e8200fc 1580883318.245701 88 
1580883318.5346038 58a69212c7fa487706edaed9e5c8248ce69cd2e7a604814eccf391be0950f583 1580883318.5352066 88 
1580883318.6568432 d74ea9604fb577e60ea5e582c44aaa9fe02b06054c21282e16152feffcd85ca7 1580883318.6572027 88 
1580883318.6852393 c2d878d58ec908bae8feaf0126f349b95b618c73369fd3eef579333060cf77b0 1580883318.685598 88 
1580883318.945877 196e25ddb24da15a5b63a8a39c6052e7ce7f1d7c8fd64ddd61eeae463a3ad196 1580883318.9463978 87 
1580883319.2941134 cd4a1eb64e39d4168483350bb829738a96c487bcec97df1daf95e35143ae0a5f 1580883319.294599 88 
1580883319.4800084 d23c9f2b949439fc8674626e9f369084866df4abc07c5d739e8c4bad136c99fa 1580883319.4804735 88 
1580883319.5876226 7a8bfbf73afaf046a8942430bf8b30e1b04d7b8034618552749fb68ae368efa1 1580883319.588163 88 
1580883319.8138673 72a0dc9d598c2ceb1a2123560fe135535eb83eb85552b9cd9f9cfcb0e8c8c15e 1580883319.8142722 88 
1580883320.0420704 420155ab8432c0126afa647f3d120f63b62661c31ebdf0cc47460a2f2abd1633 1580883320.042654 88 
1580883320.0628533 3b3d2bbadcc36d8ab606be3f60a225931fe6cbc3cf629a22525d9e3a7484da67 1580883320.0631576 88 
1580883320.6576705 590f9bf068b4e7de3299c1efea0a9ada5a80d4139970e6b9832a49eb44062d84 1580883320.6581004 88 
1580883320.781863 2d82692662013f09b27183d5516eda43108be63de80aaa1b07bf79ccd06e6a88 1580883320.7823231 87 
1580883320.8655534 d8cdd94f9d2d4d5e9f4fb08c6701698b243adbb8c1924c992afeb719aa433ddc 1580883320.8659632 88 
1580883320.9614382 308c63551ba5fd09d98b7754f81b84d8edac6d7fafead95d62efe45a7cf06a89 1580883320.9618871 88 
1580883320.971417 61352916cfc947e62f99d4d31606eaad62fcc0b4e9c10d103c6d58ab735ace10 1580883320.971749 87 
1580883320.9831746 260dc7ba4ca44b82166799e6a422a0d9aab8c81a45cabf6422cc78d10d35faf3 1580883320.983472 88 
1580883321.0675063 2180da58f7acc5cef4ab381fa33c797a954c3383aedb5a9b7b65b468e67eba50 1580883321.0678859 88 
1580883321.334927 53ec8743b627f7d606915a3c6fb6849f8abb8330ab233745613fa7ad777013ce 1580883321.3354795 87 
1580883321.372103 535c688c1960abdc23996833ffcceb200ca47e290ae9389218cf07295cc0fb0a 1580883321.372468 87 
1580883321.429129 32a439696b7044442f8406db0c96135e26867801c31c2e64708af8b4fa1345f1 1580883321.4295928 87 
1580883321.5147407 61bb89018b359267451e65e81fbba6e76c427d5ef2e7c47739125447aeb221a5 1580883321.5151541 88 
1580883321.5499144 77418d896071360b65dd34c1daad8c33066d6f0c3620fcb76c3a04d7b1ab8cb2 1580883321.5503275 88 
1580883322.1834936 7f44b0df16e451d4146f576941a227575163ecc5973e7f963dec057411edffc5 1580883322.1839864 88 
1580883322.2149563 03e5e8ea7febd32fbf132b9300ac5d2a54acdff495b44568cfac0d77fbf9a894 1580883322.2153547 88 
1580883322.3494668 4cf5657419c82a7a2ff5b40dfef24f30e5650482b5e6caebee0584e9a84ad814 1580883322.349928 88 
1580883322.4049034 47b11922ec5094d804fb301a524fa8bba631ceb46d9f33dd2d70ae59e6958df0 1580883322.4053109 88 
1580883322.541618 7ba10ea80e3a86932736bc59a9161b0ea3b9078cfe1daaa707dace04cbb35f4e 1580883322.5420828 87 
1580883322.5440207 e129e5fb514d7b084f5427d14ad733da2d86b6d365ab397a664f71d6d41cb77a 1580883322.5442336 88 
1580883323.058753 e7644b1d163d28c1a7b53155d0902898122a1fe4fc43f8768ed14a29a87ef3cd 1580883323.0591786 87 
1580883323.200504 dfd17804b7cf6b0b12d8b54d487cd30bc9d6002b6e18ff42e4a9b8ab8ad90440 1580883323.2009106 87 
1580883323.3966463 9bf64fbf9e2b101a6f0d6a025ab45b699a05a97e1cf53e344f8645a070aee353 1580883323.3970718 88 
1580883323.7780926 2a4c9b73ec9aff1a0345e871886a4f975b1e829906e6adda43bb280fc518e576 1580883323.7785735 88 
1580883324.4618156 790c7c063fe992613a71033e53044da26ef0f92e94a46f58a28e61900b4886c8 1580883324.4622855 88 
1580883324.5682757 4e681d684667e3e0eda26256326b3a238f302e82b59a8ec5225f070f6ec9c1a5 1580883324.5687912 88 
1580883324.6981168 cc47f35e4ac75d7b6a52bedc49fb4731f4490b6bf41943fb98ed6fa13506b030 1580883324.6985862 88 
1580883324.7147572 76d96636ae3f6f0e500af50828dca00b7e5813973b09126490ba982ddcd8eff5 1580883324.715635 88 
1580883324.7153535 a90b89e0c3119dc53152eb8c54523f0ce4f6d6c7d460311dbff223abc430de83 1580883324.7159615 88 
1580883324.9887328 02036ba0cde4e1b7fc9ca7ba7d1e3e07c22d34a0c8b6800a8b1ec1d3c8134a27 1580883324.989161 88 
1580883325.0469856 1e8599651b4bdb7644284805d1f682c3f0fcd770f538d03e584c55ed332eaf44 1580883325.0473976 88 
1580883325.0600128 be03e52d84fc3e80c4a86e49629e9c081daa60f83d7b7c9d2f3919731145edb1 1580883325.0602596 88 
1580883325.2441726 9ef5e3c036aea7c78c26597fb5a508f26e38b4b63bdbdaecc9d03c5609e38523 1580883325.2446237 88 
1580883325.316545 e8e656f7c011a1d5fc78a3cb57ebfc4dcb66b21c4da6c2a674bf3593f533e693 1580883325.3171132 87 
1580883325.3678207 c56ccb08f7c6928d7addfe623981698e1411dd3024f5a94d72f134121558afdf 1580883325.3682704 88 
1580883325.5424097 71c0f01c566e5d28fb882f3b03ba256fd27ff5c951ecf220f7648a23f60a49f3 1580883325.5428357 88 
1580883325.7925498 5d958d3be10ba906502a5aa61942d659f3132f43bbe9e1da0ac673af4847d2ba 1580883325.793053 88 
1580883326.0132625 99216715e62e8d533448cf5db58f901d403cda731b6c1b55fc8ffe42760920d8 1580883326.0136569 88 
1580883326.0800138 b7204b52ef59956d1ef847f1c6ed9fe7c8a2fa395029da6870b2eff549c60e07 1580883326.0804853 88 
1580883326.4802523 1ff34bf5856b00c96cfd9402eb6d6c2a2590f2b5f398d7a41a88cb6e940ee80f 1580883326.4807878 88 
1580883327.5145605 05031762fc7238f2110e8077def20ed5cfcb6e3158a27d25db3ce7621c0cf0be 1580883327.514982 88 
1580883327.836474 3e62b53d6376749e8a24f813379ab3435749f9c138d19ef31940aceae2a3a5aa 1580883327.8368766 87 
1580883327.9049392 89b1f9c294ee704b4573add4618c3bdd84304ea8ed6bdca23da80f6059292cf9 1580883327.9053853 88 
1580883327.9965258 151d5ebaed00646e8684b6cbe3aa4100ee9659bac6cacfe472a9ec60ccede613 1580883327.9970443 88 
1580883327.9974148 e771e6d070b9e3561ec939690bde58cad5ce0387746b62207166cdff3e61e8c2 1580883327.9976263 88 
1580883328.4416199 655b008b4235e3f9f58ca48c69480f5cc4261b4b432db9139f6453f897011396 1580883328.4420428 88 
1580883328.684203 f528b0946c5f52d34acb18ad8bc95114c6b485a0a54485e46d456b495b0b61ec 1580883328.6845963 87 
1580883328.7166128 e7e03a57aaf6e5640b33f3a46293cc8726c60282417f019f95d744d652ddaecf 1580883328.7170439 88 
1580883329.4817576 f4f4089b927647c4329ca51939bd292495e303a9d007fb3810a36b95f4221cd1 1580883329.4825954 88 
1580883329.9375741 cde9b75aa3bfbdd237a79887a2f9a45ef6a7ab0116b0e1dba9c78883c17957a9 1580883329.9380805 88 
1580883330.1467297 1e36d163927985c376a7c143a2783f07a7c499f9393027879026c255713737ce 1580883330.1472316 88 
1580883330.7061286 822d00543220cbc27b05a3b06f865fa160604df0c5c1b77e14109fcfc0075ef8 1580883330.7065475 88 
1580883331.432085 acb7dcfd5169826b48dfd7081c1fbd04835c807bd1db04f40d551cf69999f78f 1580883331.4325712 87 
1580883332.021454 06e008db83e15b347c9b86862029fccbb01104464099522e6dfe153f2d41a0ec 1580883332.0220342 87 
1580883332.293012 e8c82f461c0b5ff4b67cb6f622db59baa1376b76ea372dfcbfc546c604976339 1580883332.2934504 87 
1580883332.3350062 62bf47d0be3033adc4266fd14a1fe36e5fc0110bff2c7d135f5f6c013b285e9c 1580883332.335403 88 
1580883332.705409 30a868d814e4258a12cacf450abf9ee6f29ae6ca33f70a0ce81e28a48930a5d6 1580883332.7058563 87 
1580883332.9797711 a1191d35c914d543424b41fbeb0cc80b9d2711292451827ae5118744ea113da3 1580883332.980219 88 
1580883333.471818 d0341ede76c6b7bda769cab23ec4ab3e8717f8b054cb33ec70f74a0f622c664c 1580883333.4721928 87 
1580883333.7148304 03bf3437e1abf2e0e5786b408bfed7b608ae77cbe306d9e65cdfa4a6318a89a1 1580883333.7153518 88 
1580883333.7925203 ca222bf7992d3c5521728acb10d5ede3d1f050ad2c173cd56a6d7ad700d038d3 1580883333.792923 88 
1580883334.2724597 2615062500f5f8b94ac1ea52ab0f7b006c518421595d71030aab0eefd5200af4 1580883334.2728486 88 
1580883334.6105187 e6af6db167bb262b0eb8b01d1382c3a731efa054a781e5eefca703c4f75348c6 1580883334.6109915 88 
1580883334.770045 086067ad857a199e94572f4a6ec27c6a69bd8eea2b8a2a170b02697248747d42 1580883334.7704244 87 
1580883335.0014613 bca6dd6f00a57686383416be0dd44011e721d74dbabff9dd81c751a961dbbc86 1580883335.001953 88 
1580883335.0594327 5bfcfb1d509969f33d0d81429e6aad98384f3f6f208f8857b7c605673a462889 1580883335.0598445 88 
1580883335.5205579 c34d82e42265d14f79761e8f2a2fdfbac49c7e68ad5c6a013f8c4f749b9240a1 1580883335.5210078 88 
1580883335.6506355 5bd210dd1e5ddfd342837f0015780e847fdb858378d5e39670d0a763f888df96 1580883335.6510239 88 
1580883335.8650465 8759864d84b2de663ef713e6e161f2f42596884578ab100667667e29f6b75481 1580883335.865431 88 
1580883335.8967876 c296b58bb5aed62e0a4c61f65a4e64247e765aac9ca1f71b18804f3371a231b2 1580883335.897141 88 
1580883335.9167657 d0d0116dbd2adf50ccb2a5853510467d8bc141018da1093fb9d56768ea268cec 1580883335.9170454 88 
1580883336.1473029 e65a857e094d0c494a91eee8ec062790ce0a72268cf743132cd70286d14e0aed 1580883336.1477497 88 
1580883336.1633036 f69fff1b9273dc69acfeaaf6cf0bec32053930c15893be9981b874d3300f15a5 1580883336.163542 88 
1580883336.1641371 61bf8fabf8f01d1d475e4824a151f5f594ae21ae5bbbcc9671c51dfdb9263a5e 1580883336.1643596 88 
1580883336.3272834 00bb95d05a33582d4db24f0411268b8c45139cd7c84c9323814f2fe1ee230524 1580883336.3277109 88 
1580883336.8318055 1986f81a69434f1f94a6ac5f0d63ff4547831b5b2559c59e38930966bcd1956a 1580883336.832236 88 
1580883336.858576 955a28db6166fe00bcf805a1f047f607990ce8d6c771a039b733cb9d11d6e2a2 1580883336.8589509 87 
1580883336.8847103 ee0017d3dbf8afc061c77d2c7981f131d15777eaf6fc944bb9fe48150b7ec2b6 1580883336.8850405 88 
1580883337.2560568 de0b9e2b6c1c04feb3b668dffbb7f50a763bb5c84777f4ec56627ce3cf179546 1580883337.2564774 88 
1580883337.375312 c528641695bb4a4beb9ebe1d65c955e7d852642aa0d6f1f567cbec3d8f66cdc5 1580883337.3757029 87 
1580883337.6868393 2ed11a9487463aae0fbaff209d1aadbb3da873a95c7b02c1e61cb129f7b9c8de 1580883337.6872091 88 
1580883337.6914825 9091d3651bdc1db2677089506c438ae32d601847def33f3c7e93f3943beb9bf5 1580883337.6918259 88 
1580883337.9521928 1db3ec481d792dc600209ecac407c041041f9c95f3b8c0934f7c38aa5e1b18b3 1580883337.9525816 88 
1580883337.9676757 b6735357c568fe990dc9c0fd8d9e8247e46c054fc6698010b5b4b06e3eeb1267 1580883337.9679449 88 
1580883337.977741 33f115ea7985b9d373d0757c41cc4d88a1b1e6e0fd08f1249559904db92c68b6 1580883337.9784355 87 
1580883339.778228 c5d21c302906d99cfa535b7d02fb1927506ce240938a5eabcae64b870ba3b8fa 1580883339.7786913 87 
1580883340.1686635 4aaaf9cad420ad6e0d5b5dcbab7a8a6bc328a88d94aa576b0dfa9cc08538b65a 1580883340.169206 88 
1580883340.231457 c96c8c001647e3fd7c615cc02d4c3102392c04ad1c8bd6b29340277827f1e2e3 1580883340.2319002 87 
1580883340.3870382 4f1df970b42e5dee3a2e473a49422b69f2ddbe1171ce70e686ff3850038f0ce2 1580883340.3875425 88 
1580883340.4997277 471b722722093c429e880e55451eb10384a966e631a473b032e0200eb3a60209 1580883340.5001 88 
1580883340.5415812 f8ed2f4d4e912d9d426f7b28bc3615caf22b27dab3aaec60d6bf4af3f76e094b 1580883340.5419672 88 
1580883340.8846216 2456e52bae618922bd3ed2cbf0e6a474412c13046a156af012edea36cfd2eba1 1580883340.8850224 88 
1580883341.019499 a5a22e3ee6e89e3bafb3751a8ff7a9d5ffc5a5cc2a02ca7f5ece2ef9047382c1 1580883341.021159 87 
1580883341.2604697 5c0a1852eb97ecbec30c0536afc9254b11044f21a7414f3cce81efabcb847a82 1580883341.2609868 88 
1580883341.4167557 706d0e6f36f9960c8fc5756065de87ea6078e710acc72809c3648b8e2c423c9d 1580883341.4171572 88 
