1580883242.8531003 f3727e4a8a223f271d466f3820170f472e708edc0e186aaa7a4b9a71c3e83083 1580883242.861098 88 
1580883243.4378824 4ceb239c5f7e308293af18c95abda0928be1afe63904d5705ddd6a38e40defce 1580883243.43829 88 
1580883243.4381955 66a6f8f51adf93aa5fbb48c64d56b250f5cb316b7dd70b148d47ede444b29daa 1580883243.4384763 88 
1580883243.7659407 4b2639c30b0bf1fb7e0a7c86e7c21282924d434688b2b449546c7b843b1bf337 1580883243.766305 88 
1580883243.8448014 093ced918ea3c37e64698e61ce67c416c311a58fd38b1dd98881b531c1c080d8 1580883243.8451204 88 
1580883244.1070797 d3f1551c00570457a9106ee5ebb151f518de1c2b3d009ed682be5d8b49363e97 1580883244.1076179 88 
1580883244.4422946 e91a404eb8f827b4569bee4aab533627d28fe82b9ddaf45bd8872bf56ee4f48b 1580883244.4427338 88 
1580883244.5534642 4dc7c3152eb1973daeeccf71e20734f66b10fbd6bf6fb9c5aef5248009cd567e 1580883244.553797 88 
1580883245.0565226 725cab6bf6eb875d831b5aa77d4eab84219d6fedd3fb084211671aa68814c3e0 1580883245.0568347 88 
1580883245.087709 c11d748d34292f9ad775541e6daa21fb3ce7323dcd5657dc8e9732ed35c3dc41 1580883245.0879586 87 
1580883245.4735563 fbf4150d49105572364e04086c0ec219c74e37562d1d78973bb41b716f8bf342 1580883245.473902 88 
1580883245.9660842 5027f45e3d14a960253a409db4490f012de6c79229d459619b6014596f9d93fe 1580883245.96644 88 
1580883246.0287783 fbcc9bc08906c2d5e870643e6816fa9cc10f6f46b6c020f3622809858d3b0fdc 1580883246.0291126 88 
1580883246.0716207 44d22fd6059b191329a9def21e73d8c705963359e7a2865b89a65283aaba2dc0 1580883246.071937 88 
1580883246.399875 e0dd1da3341c369b4405e4e6c5a6dcc9c9b52b5dba883dbfd172a4f54268fd36 1580883246.4002483 87 
1580883246.4409046 6c7c502330d1896597315c56c8824f8332e3f15ec3a2825d9a8e4bcc624c8a69 1580883246.4412353 88 
1580883246.5549996 3b96cca83354d03591905de43f2d067266dad7fc5265a200411a000b2586961e 1580883246.5553863 88 
1580883247.1315463 34ad15c2f5b7f8d9ba7063f2176ce9c681fed7fd9a051e42c5cd721715f8312c 1580883247.1319973 88 
1580883247.2428043 4e880c809097b3dda29093bd18925e91d2b428f43abf3398d8d117b0fc83da94 1580883247.2431762 88 
1580883247.7007635 2941a0d3cf0a1c3f56b692dd88b7c476bb8efd8969f2758ee9edb46edff6fd85 1580883247.7011201 88 
1580883247.71527 4515b6dee894a518ca9f3cc69e77e320bd2dfe46529f2338c443f80fd4dce666 1580883247.7155435 86 
1580883247.84115 0b2f99ccfea5bac500a3ee7351e236068f4c25348d23ceab894897d0818350f2 1580883247.8414755 86 
1580883247.848292 666af70b5dc2d768e6a472947e32a1f89af065ffe2ef0f901e451d8551b235a9 1580883247.848464 87 
1580883248.0474892 bd1e451ba8d0ac1d32e8cc26cdde41890d40805473af2e1ce207cfceb9d9dd70 1580883248.0478306 88 
1580883248.0993454 99a0079715601576b82fd17e346885ca6e3fef74515542dd1a64564a4554a6ed 1580883248.0997026 88 
1580883248.1049547 c3e3e7de6707839fd1a7b2dd6e4d4fc45158a4d5ef531394501401df128f6f89 1580883248.1051345 88 
1580883248.2319908 42cecfd3d4e6d69b9cc51289cdfb65b810d12fcd09de7af8224d7793a04be0c8 1580883248.2323244 88 
1580883248.6560743 a54a9f4f35a7a579d6f832dc47622418eb28401819fb63b249d06e2941b9911b 1580883248.6564603 88 
1580883248.670874 6425434ecfb381e4a9b774c1f038625cd9e24a973083b2fe2785a7cb72c2f422 1580883248.671037 87 
1580883249.1097949 2452a4c749dcebb1fd92439dc421c501b94452bb2b1b9f0be30acf6d40b4ad6f 1580883249.110305 88 
1580883249.3124359 8fc92fa9d612dd302df3ad79e84666806915582a2562332ee8921820686e16bf 1580883249.3127458 88 
1580883249.5589771 9109a3dc384f21b4eaf8cb00c5a746040acc35c8d8ddd872017f3f9d55db7315 1580883249.5593636 88 
1580883249.958408 addd4c0f73e87cfa6991b0fd9dd618c27286c1cd9cf7863c4c8b301b71bec231 1580883249.9588852 87 
1580883250.091605 689b0f57197ccd6df140011682b2ec32b7aff63c94f2b8ce2074b283b1f2bec3 1580883250.0920284 87 
1580883250.1425214 90c513a1b6e8abdb6284c07a6030d3c9c83f3beb3e7ebcf8ab82b1cf5ef7fdbf 1580883250.1429648 88 
1580883250.2567017 4eb7152b6f10e1a858ac5bddebd0261bdc21e2009bd1d001a8dc337196d0a49c 1580883250.2570214 88 
1580883250.6813385 3036e71820a57708afcfbe75dfb11cfde70366e98f8e8b2688cc9d1d8bf41d65 1580883250.6816645 88 
1580883250.7809649 488e6163e80c06f81308d0b84697dd32b150c5385e1a213893716db2268a8271 1580883250.7813003 88 
1580883250.9488747 2fa9881f6ba4abed9884d32b1f09ff352121ed72d665bba3157418f27e5469bc 1580883250.9493382 88 
1580883250.9575243 83f1d7e95c89b76ba030aabd0fe12351dafbb0abc3b8888b82cbfb4484d2cd83 1580883250.9577117 88 
1580883251.0095553 cec048fdacc0886a6dc76e5b8b895ba7b11ad0ecf73b1e4979381db6f5f93943 1580883251.0099454 88 
1580883251.1808367 c8cd0826294e09ac280426a7dd44eefa8307e80806b24469925808764c98cb5e 1580883251.1811948 88 
1580883251.2222123 ede8640c5e1a312f4ca28df547f9742c5a6295105f96c235c4e862b57e093d0c 1580883251.2226975 88 
1580883251.2914531 f1ded8b95cc6b375b1392ed0721412828b83882f12e9a5c6608399cf4287b645 1580883251.2919283 88 
1580883251.6151595 89e2a3d01dbe380a67c47d74e6fd36d1ec0f80b1bf1f5c6f003f5b8738204489 1580883251.6155124 88 
1580883251.6880171 5692a7cb977a6c9a8fd90e794d56657e815934cc3a5deccf6891a0f8cc27d10e 1580883251.688361 88 
1580883252.6219125 fb4986c2f905a756bdbf195cb45294c9726989f70fa3e7f1613805451dfe4d52 1580883252.6224036 88 
1580883252.8620305 e9042c866c60d03ce791f9bccbf512cce852e3b9640ef1f6b88e9236f77304b9 1580883252.862362 88 
1580883252.9804752 3dcaae07f858678e4542067a1d055c66311be83797ec230f921c85b651c4d406 1580883252.9809027 88 
1580883253.2190523 2accf46d80510c85ba05d4765e8c15740da7999a5ad81d3e9223f03dceee8789 1580883253.2193832 88 
1580883253.3167539 30592d10637f9a5e7a83b973650906f7b8a71b85b8ab01f997807b261882dd70 1580883253.317225 88 
1580883253.4493454 aa6dac63f54666d7f9ba5f11f8f41f0ca2733f1c7f31ce346360448b6951de62 1580883253.4497468 88 
1580883253.4664624 2224c29bb20da49c4837a4e0b48baef10ba8503718aeaa9aadb62e07d7f3f50b 1580883253.4667017 88 
1580883253.6170578 51168043aed696ee05a7c414436b5f6919e85c08a6861d7ee577f6ad59c95abe 1580883253.6176038 88 
1580883253.6227872 dc05a3bf22f3a64934e41d30a4227ff68965460ae26161019d98f051a973fe80 1580883253.6230001 88 
1580883254.2323804 b9de95b75e7d3af18d7c1d8d46b258194743ae063d5cf2d2bf7c2408cafbccec 1580883254.2326987 88 
1580883254.2919514 68639160a27a53401802bb07a6f6aee9f070a61613d7b69098ed7da08b525896 1580883254.2924354 88 
1580883254.5965152 9d0c0a914135d552f0c96fec768a3e3f209187c1962e4c8c14b40351efc829c7 1580883254.5969326 88 
1580883255.053166 90e54a8138d7428926cc18ac41fe3e792ed4d129eec25a8fb6aebe409b7f8417 1580883255.0535955 87 
1580883255.354991 0289f9406cdfb71c7f20391d2e493f9083b12844996ec8083f20117f1265b264 1580883255.3555245 87 
1580883255.5338516 799438f379518bc52b6d93863c0039fa59d7c4e4c09edc7b910b736470e91e80 1580883255.5342493 88 
1580883255.6966796 6bbc04e6a4526d181426bba165cf75bf7da047267e51441c8fe8feb66732ccc8 1580883255.6971076 88 
1580883255.7393148 f84239ee0bb9496cc1356d1bb547c39838b671ad272bc20e4bd0d0aaef94dea0 1580883255.739654 88 
1580883256.0385516 18be2d7938e4a39dd5e802649113c2826ccaa76a393eeb1a7dfacff75bc8d601 1580883256.0390933 88 
1580883256.393606 2fac30cd5e7dcd93dceeb9582336a669c9021895b766488782fdacce9fed5f38 1580883256.3939445 87 
1580883256.5812402 0d7cdbf928e2db8cbfc3c75c36d353fc105b56affaa16f3cb89903d5b66aee36 1580883256.5815966 88 
1580883256.641684 3c76aa86c84bad94898dc8cb2ac679e72240faf5983154afd85b0e8d32dcff3f 1580883256.6421363 87 
1580883256.7143044 6c972998396edf1e4255776bb9f7878a0bc361dd8bb56451c8eb2aa53ad34985 1580883256.714678 88 
1580883256.7331636 d4fb6f6c31f054cc44e088077b903c0c5017fd8f1d201f6724c9a5c16cc2e9b6 1580883256.7335234 88 
1580883256.7643516 05cf50966f61a682c349dec4a7140c85a8bc55942069ab266b0a5293a73486f2 1580883256.7646508 88 
1580883256.8031342 17d50400fd6b66b7c0a0fcb39ceac747062218df14fdce747b59a6f8b527b0a0 1580883256.803446 88 
1580883256.9959974 5e4f261c93cc5fc6cdd725fadf079fa49ec70dd869759e268f924bbf22ba3ab5 1580883256.996355 88 
1580883257.2602458 ee3270f8a0e7c813eb321404a32a4e2e4fc2b9467453ab62c6b30dd47ed58bd7 1580883257.2607045 88 
1580883257.395849 729b46abaa2f7f1c8d46948118a7fb8614f77474f3aecfa16ad9c60f5c4d3e8c 1580883257.3961692 87 
1580883257.6449032 1277c12841d329eca91066cf1a3f4adca1028a1021c56dba476f51d24bbd364c 1580883257.645285 88 
1580883257.7866316 1016fec8c3afe757360da1e339060c8cfcadc04813f933bf657595c0977df6ed 1580883257.7869482 88 
1580883258.06484 d1974cf9f076cee76a70e4740d2bffb452da055c0a3b8534e2930e629a6d0af5 1580883258.0652797 86 
1580883258.0801032 e20845510d38a837c16ee950a1e50983e5c8559f325427282f15edd7d58314fd 1580883258.0804086 88 
1580883258.2806168 582aee652bda242daa7ae482785ddbd4c81cae210c90e90db2838075762841ae 1580883258.2810538 88 
1580883259.6080108 4731f5597760a9ebdaf87541ae14fcd5e345187b76d737734ce0dace0f2198ff 1580883259.6084595 88 
1580883259.679349 81e3ce74995e46ccd928d73b30dc5fc2a9db26cfef730c88365360e205c5c15e 1580883259.67979 87 
1580883259.9524643 f3f7143c7a99024530c76192f85b3e19b56457b20c40c6d0ab55de2dcddc5135 1580883259.9529443 88 
1580883260.0868158 f713bffc7fa7c30b73f3dc46b7aa2857e5c839bf3e465a7c73e7d0fcade3c8ad 1580883260.087167 88 
1580883260.1591825 c880572549ccad48d787417e799eaa07371434a59a58faafd39c2af94b9b223a 1580883260.1595569 88 
1580883260.491242 224674e2ece80b9109bfb4548802e64015c4d384b1ee571c33248823917e4613 1580883260.4917133 87 
1580883260.560133 c7a934747b4885874c948a37c57e5b1e50f7c3484605ec2a8417dcf659018d58 1580883260.560549 87 
1580883260.8717225 53036d35b9cdee008e460f3c3e72fd8984438c832c3400e75cfd643572fff72e 1580883260.8722126 88 
1580883260.965516 f04bea0405ef9f68d4bfe018fc6be86886c6bf987aa7a4cda85cca0de985e7a2 1580883260.9659722 87 
1580883260.9987109 be1614be6248e84b91b946ab849caf4207a9fd562e11f062fb872c4b093d031a 1580883260.9990382 88 
1580883261.042887 3e7a8ecee16bba719c8685110be35205cf0ee2a09372d989cb6fc57a3208b2b1 1580883261.043346 87 
1580883261.3622236 7612b116589037bf1e170467b3183cd051ab42612f735e672a8a0f202327160a 1580883261.362551 88 
1580883261.513233 b50b76b7c3f4ba56b75ea85e7e13e17dd3953a5557f15cd0d061246a31e2f47a 1580883261.5135565 87 
1580883261.549943 67fdbc802d22f7b1f4385d6c6cef4d3cc70933e587a95114d1a8404da65dc098 1580883261.5503092 87 
1580883261.5997813 81528be0b58dfe8cf1c5861a18c2ef8a55b489b90dceb999d9e4cd81c058cf25 1580883261.6002574 88 
1580883261.6579611 647d7f468265ec02fd77ddbafd38ac025ea4ffc8c1cdf1bc0b473e8fc2367584 1580883261.6582975 88 
1580883261.9010274 34952905d1e5f80420807c17f473c93de2007a7cef12846c5cba02b89ca943f4 1580883261.9014492 88 
1580883262.0361087 e9440f404ac27ff5349fad0b1e5fe38d934f37d3ba34ed6c71980318047753b2 1580883262.0365589 88 
1580883262.1676278 683ce705f427e30e8f6209ba8a6def80517bee78c973db1f72c3efe53315c2f3 1580883262.167974 88 
1580883262.8248885 814e3fb8b258ada9d865a0448aa840d93a990e3639568e9b7e29e11dcab36ced 1580883262.825432 88 
1580883262.9961445 c2a154bbd24adf0f61b16513b5d6ae03552c594376c4903ea136280c2c138264 1580883262.996535 88 
1580883263.103229 306253e3510a6a053658858326bdb3a224d9359c517c1bb640ae89024c0a9a7b 1580883263.1036708 87 
1580883263.2206893 30801d0237cf1cf893bd36283fa90ee6c5da2ae4e77b038b8cf4e6557c87efec 1580883263.2210245 88 
1580883263.4673686 cf166425ffa1a1d1fb590e8dd9518f5b08454f895cacd87a753dc347068210de 1580883263.467853 88 
1580883263.560391 9a9771169e43d3a7d6fc0b87c228f21074230af3ff7e2bdeda983803448593db 1580883263.5607257 87 
1580883263.8749046 0ddae13062d4d0bc3e2b397297c912ff6357e38c2daa736f6965a7389a33542d 1580883263.8753605 88 
1580883264.149274 bb5f3154e9acabe1a0827b79bfdc67e1d5591872618ffa6b28d9212ae9da0732 1580883264.1496484 87 
1580883264.2222068 9f1b9281f074402ea9d430593181adc38323df58b1e23a838ff610dac3eb19b2 1580883264.2226117 88 
1580883264.3884206 d3c5913b7476eb566bd07b233525dd742ce58e5a523fc92307f2f4b4a37fc673 1580883264.3888507 88 
1580883264.7547636 635b1d8742f36c27b95ed82d5e75ab3d58bbd6d87454fd317ab0c04611523596 1580883264.755155 88 
1580883264.8026094 e00454fd6d6b2d547989f75cf01acb46dec96afcc63ed7f5e73914b46a01674d 1580883264.802967 88 
1580883265.3393366 295d3b7f0da603c192f5bace5516f25390769be81b2991088c19e791dc7c1d0b 1580883265.3396795 88 
1580883265.9893496 da8d11fdefc8437ffb8c5977c5ea489cf40e02c5e0ce556c4e813ae2d62179ce 1580883265.9898806 88 
1580883266.3026495 239f7b31d0e25f5f71d0584904803e873e905f111f3e45d896cd995b72bf9dae 1580883266.3029947 88 
1580883266.5115733 f0d9a7b3a7e4806edc40c4c1395287dde7ea8463e5680d3d83ee8bf98ba25401 1580883266.5119514 88 
1580883266.6865304 544e021c9a1fc7df72ad61c5fb7efa2c8a8ddd84daef2bd8f5a7094e7392f778 1580883266.6868622 88 
1580883266.766012 bd9bb6a6865b3fb3022de3185fce01cf258a494c9d43e18c38b9ad8038a60afc 1580883266.7664871 87 
1580883267.4302685 be1c17a2163aaa880c8d1fc2be697590f59541ff06c80374456196965092c5bd 1580883267.4306574 88 
1580883267.468048 fb78cdaf9983d7f7f7d7283057b06d577795f5901437a9f2eb641a7ba35c79b5 1580883267.4685133 87 
1580883267.5505366 31c96ed980fffe233540e56ec07a1ec497b966aae8b2fa3f86d084132e479636 1580883267.5508459 88 
1580883267.6288252 3d0617ba040910304ee8d310789713c214390874e1fb61a6b7ade6b1ba3ae445 1580883267.6291642 88 
1580883267.735531 d2fc5fe485ddc73bab399398c307243440c441af84e8ad5caf491bbe37c950b8 1580883267.7359169 87 
1580883267.8227408 3bf8220885492a280a583abd0825eb0e1b2dc123e63c9ac4b78647fd43b0a0fd 1580883267.8230817 88 
1580883268.1852868 cd049bba6727b04b0b7080b0d55b4731d4b430fc287515094dfda06b8ee95799 1580883268.1856854 88 
1580883268.2349966 a3cb13e29454ba4e746ad239069db70da53b799e46a5074871a2166889a134aa 1580883268.2353957 88 
1580883269.0344052 38fe602e7d312e1ec163f35b7e919d0a84bce40d26d502bfa613a61b81bf8171 1580883269.0348337 88 
1580883269.21215 8cae0195009c429c84b7c963aa4bb0bce53c4de3204d1702110eb79f8dd3512a 1580883269.21251 86 
1580883269.2684805 476109306942ae96e1d686bbccb804d9dac0b2ce8b8c93b0b073204f19daaebb 1580883269.2688663 88 
1580883269.2960272 d71a9990d8f9807644d8fea3331cb4ee63bcc33e378a1d85284839384a332499 1580883269.296291 88 
1580883269.3266587 790455b05d8d3f591fc662223458d3529b3e6dbee3cdca5244e6811c72e61a47 1580883269.3269649 88 
1580883270.072087 770af83ef622cc66e9801dd7f50bbb467f704f27df29466b187d7ef0bd62bc75 1580883270.0724773 87 
1580883270.1147 c846211d3bd5ff6f742650a51e0f7d32fce4ff511a80605ab733ee97c01779cb 1580883270.1150856 85 
1580883270.198914 0ec2e5751d55d6f74d592151a9edc93b1fd158d6331c7637344ccffeded4d12d 1580883270.1992593 87 
1580883270.5846772 eeae046f2f95494c8e7dbc6336cb79e9a45c632b7176e7e1d690ae6b65d4ea91 1580883270.5851264 88 
1580883270.9634438 8247f32fa5cb7baf2385f9d1f5c1658499047efeff029ee12ba7339768779d58 1580883270.963798 88 
1580883271.05446 1e086dcb4e92200bd42332f8ee1f46dc4af7187531d164245cdfda96dd7d522e 1580883271.0547671 86 
1580883271.3629174 2e2f657f0a61df806c76c61c998e90ec8e7093a7aec8d803cea451b868affd54 1580883271.3633065 88 
1580883271.4006324 096b67798b6c5401d9288c936a0f6192f119cad5bbdf30faa9d59b6d3e3a7d99 1580883271.400939 88 
1580883271.5897007 719f262bd8e05b6bbdd192e6a7d2699cbe9fe8880d8c5adb14dccb406fb3d7d3 1580883271.590117 88 
1580883271.5904348 1ce92ae176026c890d2d8b1b8186d81658944b3af90041ca8ee031ec05b1cc8c 1580883271.5905929 88 
1580883271.6161659 4d9668cc5a082f80a63eeaea507d8a96b6ea96d85c15be4cf4150c82b4540dd2 1580883271.6164558 88 
1580883271.769921 68d2528a0ba95ef376c32e350721857e4608945142bec3d20ce222c676da370b 1580883271.7702572 87 
1580883271.7961698 82c56f6a21d67495666715c146d99c64ad9d16cfc87e70211365989777c7d09f 1580883271.7963862 88 
1580883271.8621416 66b168fcffdea3fd7919406ca1fdd53dd3095c65e4c6853da71401bdb87592c6 1580883271.8624666 88 
1580883272.092418 62c18ec0d9c2a8223e61a9d4eeb978ca18f2698dca28e471ce2e17acff960922 1580883272.0927763 87 
1580883272.1160727 51b01e4a7c2b472b7d58358c9409ed5c8d0d60ff7de84d845df417519372076e 1580883272.1163387 88 
1580883272.1622078 ca222defb1a4476619770d63688d97a56f1209883c227253946ca8e0f110b4b5 1580883272.1625154 88 
1580883272.2002637 b711b4d50ce224b2cd183eda2de83c7a9d7054a7294f44bcf8b686d7e12e1e88 1580883272.2005918 88 
1580883272.6444025 0ba0844484df9e3075f3b7d6ff985866f3ea096ae1c187b6df212e6ea6b7a376 1580883272.6448264 88 
1580883272.76558 7a174fc04c4a3e2f4f2d049392da258980cc3518625191c6938ff2c92a9dc983 1580883272.7659042 86 
1580883273.3062527 721e3c6e2bf8d3c0e53acd7156e5b1847947005f80b92e810374e517432616eb 1580883273.3066866 88 
1580883274.2160661 7a4b6f659e3b6f2439e360a1707f5476a17de4b2d05db947b6ad0301ef79a940 1580883274.2164187 88 
1580883274.4661527 cc6cef2d4f0abbaa716cfc155c4720cee9598023d3c53218663ec112f2ca4239 1580883274.4664707 88 
1580883274.54755 29e2fc3faba82e6136fa083abe2bccde67347857edcb155aa6e8296e7295d9a4 1580883274.548223 86 
1580883274.6152606 34dac09a33162d7c1ab1c7ef8e8586b7bc02a43569cacc1f7b324458cd94cc82 1580883274.6156623 88 
1580883274.8820598 a955b5408f6af2a9b27088740fc1bca574abb24ecbb32421f57decc5a8ebf940 1580883274.8824863 88 
1580883275.0841026 a4707e8e9380aea1b7f81ec34f3eea0b5a7a16f9dc11935586393dca0ec82a3c 1580883275.0844235 88 
1580883275.3937466 9d5767b4ab613ff7e15876e9946aaac6ff8d5f3ce4a611e7c8eb3cadfad1fc26 1580883275.3941357 88 
1580883275.479265 93cdf50edfd31d6a489f73b7a0a3428fae14bf1ca6606259a9d00c2cf8b95749 1580883275.4795825 87 
1580883276.0892556 ffb19fe0a75772e2eef79ed479246f88a55446df841c04a3da9b623e129a1c42 1580883276.0895896 88 
1580883276.2833729 4225bd38d7003b1783198b0b2d0c2bb1a1a037ed2d82210f213ae91c38617d22 1580883276.2837098 88 
1580883276.5645843 e2a35b84e24dfb4a4ff8affa2676daa8520dc41a9acde02e94c23c82a1876153 1580883276.565056 88 
1580883276.953813 f582b732603bf6992e801e8797f9ddd6b3aabdb56f34f13518f2b5e8f4e99bf0 1580883276.954255 87 
1580883277.0855844 e681446e9b6c542953869f8f9772e94c5e81c10a97a939888efbc3d986e00f82 1580883277.086047 88 
1580883277.4203513 494bb4e2334a105825f47fcdc8a3cba8704670d65192523c1295c4ad57149989 1580883277.4207675 88 
1580883277.446867 5d7ae7ec770ba0ad40b4215df9b8ebf876dcdc121d485544862571bb05a95ecd 1580883277.4472268 87 
1580883277.6858594 070c642588cb18c4d072c0a809ec3aaa03fe467422d4c17eabd9e13e8e155bc2 1580883277.6863317 88 
1580883277.7139156 f7bc8cb3eb4aa69061c6ca4016b3540647802655b02253e367ec4e9d928a1d8e 1580883277.714277 88 
1580883277.7527566 1205a76a54157dd53a85b5cbad8a12a2b794211386e6ecc87250ab0ce7289b51 1580883277.753079 88 
1580883277.807467 8dc84b991e9d489fe9e7bb3d64c9364a286f7701f7c4646dfb6ad0a25f3eeacc 1580883277.807883 87 
1580883278.313131 bf7b9d9409eb66dcd6c25b2ba5860cc5eb8d7535b65cec5fe905f49729d6f25e 1580883278.3135543 87 
1580883278.6429803 314d589de50a47b0f0b708277bb71636e07b365dd8febe74fb2f48c66492a95e 1580883278.6434424 88 
1580883278.7490857 91384c9f38c6ceedc25d9b3449f36057fd6e8035412e3b77376b22cb43735b4a 1580883278.74951 88 
1580883278.8612733 e4abae91542480e7873531bb169f277f3308ac2e2bcdf644874e3f96db2cb7fd 1580883278.8617063 88 
1580883279.05037 7aae0e87b4354283af38cae1a4ada3d1048f618710a2d5d5e98f7c3d58af786f 1580883279.050708 86 
1580883279.0515654 2d7b5478c3d4320f615d71db7183605127535d9775a07b55f1794020dfce64c8 1580883279.051787 88 
1580883279.2434478 7794b35c655c3cf6d3fbfc0c7f1cab1df5d2a060e7d2d29b19905a41ed725545 1580883279.2437742 88 
1580883279.2814252 a59a1937eceb703b93a21978d3a2d929c3be94eda28530e76cd7516f4168b340 1580883279.281696 88 
1580883279.742593 b174be8929a0215a104fce4391c70d9c8b3a55c1a76347d1be0100552957985e 1580883279.7430136 87 
1580883279.8551946 ce8e0d84982703a959716fe55d21343fe6bec5f0fe3758955090b4391dbde395 1580883279.8555176 88 
1580883279.92304 3663486f1fe8fa58150aab084623061e899ab51159874d785a3d9b34671a006a 1580883279.9233832 86 
1580883280.056657 d50271240bf128fe374143a3c5853a7476f07369d36d0ab20d709ef1cd4674e8 1580883280.0570753 87 
1580883280.068141 89dbda72f0b2807c8a0f4a67f0871fb40104b0c4de0df56d47047519ee0896ad 1580883280.0683916 87 
1580883280.413808 e6614ea4c98a0d3add2e11e0ccf26cb6ce7e125539c73af0de5c39b3840cb623 1580883280.4141595 87 
1580883281.1216545 d0e36c7b99fc6c028ff13c5d17d726a73de7df47e6d0233d70ea9491edddba46 1580883281.1221092 88 
1580883281.1481702 757968e28be57c732cb71d54abbbe6463a1f53703159811743786da3fae05116 1580883281.148496 88 
1580883281.3252957 561441b4ec1aeb8e9071f5fbee8ac82991bc3e05902645997790bf9cdb3a7314 1580883281.3256574 88 
1580883281.604268 74b2a4a35979f662aa73dac05d785c68f134c54a5b2cb650984b2cc7bb3bac74 1580883281.604714 87 
1580883281.7017958 54db9c3a072a22e75b13dec7bce4fcaf545d887a1c8797f0ac86533cdfa93e55 1580883281.7021751 88 
1580883281.7053516 e2e21a5f53ec009d6bafffd515a59c2b38c009e4a2ca23fa118ccc6b01042a79 1580883281.7055335 88 
1580883281.732478 d28b2a680df4041d00277dedef715585905330b31cb4f24fcaa1eec8c9af1acc 1580883281.732813 87 
1580883282.0097516 aa06e8c6e115e8d9f540dd6b4bb62030ffc500310f3dbdd9bf87d9b5d92992ed 1580883282.010202 88 
1580883282.2437325 e5683c790f11a1b219d92f37f78dd01df2371c41cdc9a9f817b5d30e0a00154e 1580883282.2441776 88 
1580883282.264776 9a8f5c813457343aa593d17d299f5e7860d824fd1817c735160f683b575471c1 1580883282.2650316 87 
1580883282.2667701 2b33745e10ed65f8856cc8765fb746d677d73f3b970de4febb4a867ef03fe691 1580883282.2669327 88 
1580883282.2766626 9fd1cb7fb6b70469b10fe95361bd0008dee32b301af427bbd0fb9fa0bdac5096 1580883282.2768316 88 
1580883282.2888966 66efc740b1e1e083c4ee224c6678df2195865eb509a324b970c29a22cc96d657 1580883282.2891228 88 
1580883282.856341 ef6f51155c13a11c698b334932c215d4e05cab23979ae4a2d06613e73f339095 1580883282.8566976 87 
1580883283.4506333 5c991d919e658c2a1de0ac0d80b84983082d35fd4dc92b92fe25bc40ce57c4e5 1580883283.4511256 88 
1580883283.4926221 8ea4d0bfc0473a7642fe42eb525f5f11c000bb1aee4c1619720b4d69c86635c3 1580883283.4929466 88 
1580883283.60966 7b770385f2a49c35b97ee9b8a0923b3efa1f2645a1db10cdc11adc1b5029f9e9 1580883283.6099684 86 
1580883283.917269 89d5d4e403386cb01341bcd8f3cfab7647343106048644960e6eedbef56c33de 1580883283.917889 87 
1580883284.317605 7f6bbcdcd6ce9870104872bbc74cb7a688a5e7add044546b1689401e0de182a5 1580883284.3179388 87 
1580883284.353774 7a2369d10e28e8520d4577c802ba1d90517283959e5969f4ea0269784998d229 1580883284.3542123 87 
1580883284.805745 581cc75fb57728da11c5b3baed890dae58c55581d1b96128d15b9151808b8e98 1580883284.806075 87 
1580883285.0924733 4a9e815c6555372a8578be82202def9002bcce913afe68f495e02f72e678f97a 1580883285.0929806 88 
1580883285.1418993 05afab075066878c6ca71f61a9723b41aeb687e939e65b0e27b46b0ebbaf93ab 1580883285.1422524 88 
1580883285.6560206 21f1f74cb59809ba8737b841b6c7d50dfafd4eaa18b26a7c4539b2f4e22c84d0 1580883285.6563692 88 
1580883285.761209 133f0d08126ac06f69b34f44e65c03ba1384a88d3dd055dd90d25fa588822f48 1580883285.7616422 87 
1580883285.9966333 152c0205b5ac32da6cb87ce5680702f1d230d04443926d9ceca8e7e2f26acb1b 1580883285.9971597 88 
1580883286.0187502 d975f940184919ce5c0ca99f85a97d7af4490e7fe3740084904aa4238706a481 1580883286.0191233 88 
1580883286.0820618 0ec30992fe374aa849e79f3c3434258a4121510f2b66d2eb6fcb5fcd32cee1b9 1580883286.0824506 88 
1580883286.2385273 e8e8f9baabff53247d34a1ba6e0bd798b36801870d5587985f0c54f4846d94d5 1580883286.23885 88 
1580883286.2760744 8e4c2ab6288c0c556fbd6938bcb5824de73836ed9ace87978cd4f4561687bbca 1580883286.2764106 88 
1580883286.6453514 26b7bba15b8c2a4a03652c0567ad4aa6d6be89ed64c95941976e4e87d3ffbc27 1580883286.6456685 88 
1580883287.0172775 35c0eb614597b69e06877a0abbf3708bc1faaf951d0f2d3a12d2888f270b6be0 1580883287.017623 88 
1580883287.2836425 7b5d64370303db565a106e46bf4ae8e6f82b4f1af15505e924db754e8f82fb14 1580883287.2841125 88 
1580883287.790945 648fee1fc02d34aef8a094e3a24d2c621c944bde9936363fb0f4e9931f116dbd 1580883287.791396 87 
1580883288.0626178 8d9c88c32f2c8a92cd1aa27aea19ec13025704900821b52eec266cd139dd7c7a 1580883288.063026 88 
1580883288.30038 60d233e3e7b26fe0dac5518bd77f44b1ca8913f397bd4c2bd9860027eaa8f244 1580883288.3007326 86 
1580883288.3015208 15a35ac456faa8c0f8c0d60c55a56ce59f02d187a57c9654f95ecb4f42e1a7ee 1580883288.30178 88 
1580883288.383591 ce1c0e3edcf1a932da19d282ae0763dbb71901f493bbfa5fcd7bbfb79b63c4af 1580883288.3840122 87 
1580883288.3948574 0e432733be3fa0444e4161f24e66d5bbca69bf5b475b8b6a976effeeecf30a4a 1580883288.395058 88 
1580883288.6086278 de603374a14044d8fe0822e3ce6c1a1683eb3ef671170428b8314cea522ac0d6 1580883288.608961 88 
1580883289.8132927 e0a64cacc6e819a628f9a877be05e1aef1da8cc9d7654a7f5ff3a7ac68c5ecb1 1580883289.813612 88 
1580883289.8715463 69f85cdad2dbceab45534d41006c93e6fd2393cf9491aed546e62f68024d3528 1580883289.8718698 88 
1580883290.0937927 95ff08800645af0b6563ccee7c9d7de10e2b29266becd16cb0ed24aa5e52cefd 1580883290.0941477 88 
1580883290.2767582 0246ffadc317b33179fee657c58552ec5f9cba62d46c76ed6e6894cf1367621b 1580883290.2772157 88 
1580883290.3529584 69158948de45c25279972db8a55767e7bf58f82393353cdb7493f72d94de7a3c 1580883290.3533337 88 
1580883290.3595536 1300d6c7faa0460206daadc78ba67a69bdb310e78286e7a7f88ac8907451ee87 1580883290.3597615 88 
1580883290.5018468 237a89ecf44500e17c34d5fcfc12649fb8578fed3dfd1e5d0acb57a921e195fa 1580883290.502191 88 
1580883290.528227 c317e224aba6955fa6d6216354aa40293e46630df65ad6caaba53183c4038dca 1580883290.5284643 87 
1580883290.665336 22acf7d5a9b166576266ec383ae0d75ac12e3b6fb316599ef9c2f03943fff68b 1580883290.665721 87 
1580883290.9062932 f0e153d212f022a3762b588e8ec7f077a722558cd7daf01d7cc1d8066bcf3100 1580883290.906711 88 
1580883290.995858 8e85a741ff43499fa9e6b25e35eddd9021f56e2be47d8560c58b10ba207a4df1 1580883290.9961967 87 
1580883291.0737455 729449183dec362c4cf4c71754a043674f608138e80edb7a901d8dab25061709 1580883291.0741305 88 
1580883291.2376018 f57a7b38f0cae0d49505d3773483ff6872b8c3e26e1e99428df821a08305afef 1580883291.2379856 88 
1580883291.4294536 091b306c82040bbe841e225eac816b61b61a001248985d9f29cf9cec28845249 1580883291.4299653 88 
1580883291.439914 ffa76e9ea20806fada89f8a56a76ba0a845e070b248cb6954defda2031598f1a 1580883291.440132 87 
1580883291.5746546 fbc25bd0376632fa9aa19b05a133dee79e31a4c6d64ee91ebea62e275bba0d4a 1580883291.5751154 88 
1580883291.8811433 b7846cd97b0c1ce90ac7c8851d48eb45d56c6ab5af5158f186188d40123cf621 1580883291.8815742 88 
1580883291.894225 f95b213b6a1b1eb36b7a30a62af2bd7e92ac295dadfab9d3ed59e907badc4da6 1580883291.894474 87 
1580883291.9607546 e5a21a9aab795ddabaac98bcfc3ec91a19399a75e0f0002a8f3d06a8b3f7874b 1580883291.9612129 88 
1580883291.9631193 ac36866b22432bec38c07b1e23970bb94257aa2adc1e30b2bcdbfa33a71dadde 1580883291.9633012 88 
1580883292.0838273 9c160b147dfa946332352d56cf1e07ffb98661a0f9bf9f88c1e9477b9610cd6a 1580883292.084164 88 
1580883292.1338143 11fb060b759372c0ae0b2196fc0b18994ba697164ce0bbfff964f539d743069e 1580883292.1341925 88 
1580883292.2085257 4a03e793bf169353e43e3d60e6e263fdb6004a920071042c73cbd77e8b7e8222 1580883292.2091982 88 
1580883292.3605235 70d180f43aa7c159a1f9faa8d76b4d6c7567c3b3e27d6b3c2b5afd102af1f6dc 1580883292.3609433 88 
1580883292.3766537 0b29989fa1c24846906b62c79b11ab8ea82044cc41ff8e5974ce9e8e644ff507 1580883292.3769686 88 
1580883292.5201466 4617190990a64a154a6aac93ae1a118cf375b08cf4c3811eced5c76a4403a625 1580883292.520647 88 
1580883292.6770248 95636f0712b7add49feaba10f86c39386c544f21dc9460e1f5b91c312f57b81f 1580883292.6773882 88 
1580883292.8792868 02ec698fe15702b2a11fb72d2e93055dfe1e1e042fcb9ae4a6f53920cfeb5436 1580883292.8797398 88 
1580883293.147803 83b1f7d8c5e2a7e22268e20e46eb354f07837f8053f5b91c9c07d5f5d2e050fd 1580883293.1482728 87 
1580883293.2358198 522f2e7b8a38e08a56fe7a698c3ce99499b326f53c78b6ab490ca31193151c3a 1580883293.2361577 88 
1580883293.5359101 d827e1b061556e0d968e0749313b81565c185d9155bf5516f619befecded1510 1580883293.536282 88 
1580883293.5950198 8c9b9bb1d89a391b67ffb66c025621a4cd38c84eafdcceabd87e37d03bceed0b 1580883293.5954208 88 
1580883294.125405 e72841ab1cb22c5ee6891a49fd79a3f70b3f418eba1916f7068840ef2a29e794 1580883294.1259196 87 
1580883294.24176 1b266080859fefca85739f9e8ff9de7df1565e349f77a9ac058412df3f7917ec 1580883294.2421556 86 
1580883294.5411937 46893cc795d4947e4d069319fd2393bc615bbc58dcb74f115f4e316b7e79866c 1580883294.5415332 88 
1580883294.8000474 6151b3a3185c0cb1f9ad066a9019cc131c33c85549d7b8608ea3b53db3ca2c9c 1580883294.8004622 88 
1580883294.9494395 bdda676105d5a55f3e787e312c4cdad0b075dd8d8b2ba05aa1e2e9da3b15d41f 1580883294.9498556 88 
1580883295.1350672 da00ac410bb3df8aa6b74096fab92e4ebd45cdce29830ab5950adf13bd56ab9d 1580883295.1355054 88 
1580883295.3935673 66340d0d3793cad61eca59319776cb1f0f4d0437027aca043809bc9557733cbf 1580883295.3940158 88 
1580883295.4134223 95a471a511fb670df8e4228d7c49d24d194039c612ad5aaf76fb83d833592833 1580883295.4137726 88 
1580883295.5318646 6b7f4f0a5cbfdb7c03071e91920408425057384fe3ff44d4f10e49268d5f2ecb 1580883295.532289 88 
1580883295.8553388 b93557e6de3f660014a7e69d4f9114fcb7c5a3fbe0ef8a1e4927509cf3ba1656 1580883295.8557851 88 
1580883295.8768146 e050f6585247844913ca3fe461df263da97958fac69e49df2adf39606c95b630 1580883295.8772078 88 
1580883296.2208445 270ab4bd17685ccb6ad956b4cc29f84c692fe9600aa8c800970b69fbda8ab2fc 1580883296.221217 88 
1580883296.3507426 008948c78dc30124f4f83199fa6d0d6b11c71bab0371ba3252990b304f9b63af 1580883296.3511655 88 
1580883296.4220104 a9c41fe7556adc0a3ad97617f1deb746a8d9c2af93329d416fb092748ef9e284 1580883296.422429 88 
1580883296.6309233 607ddb025dc4d4f2af9320a1a31d81829d165d79e98840b3cf8745d61a2bdc6e 1580883296.6312568 88 
1580883296.8360138 9bfb6e67c7d5adb2bd0abdd261b5ec855c57565bbace3cdaeb4c4dd04c0ca7ac 1580883296.836406 88 
1580883296.8675804 ae5598e6715b2067d4030de18ce23056549e28fc89951beb36fcdb8ba15575c2 1580883296.8678365 88 
1580883297.0094233 ef6f19c11d69c5c19952108d60fe60fa96cce260a813c57a873607d9a46f1b7b 1580883297.0098627 88 
1580883297.1997428 b10a3344a7a573ddac181e85535c30bed1599c7bedb350d382ad6174cfcdf6b5 1580883297.2000763 88 
1580883297.4896507 d2c049c26534a0fc9857cad28435a5b8c8aadf16b798a912061ab5930f6f0a02 1580883297.4900792 88 
1580883297.7865 26cda3ffad95f9623765c18bd3ee296238c177e95f9916597459bb0eecf6a8d2 1580883297.7868626 85 
1580883297.818436 4c68e584cc95fd25da003a794d18fa91ced532e05252c19acd0e567c95f4d4c8 1580883297.8186996 87 
1580883297.8559086 182897ff7031c264736267ee3358b92085bada7538c43045e1dcc66965f436ba 1580883297.85624 88 
1580883298.2004669 664e71e7e3d24b56cf945419a15917bbcdc353b9fe0716b91ae86eb0a7c33cf0 1580883298.2008803 88 
1580883298.4760091 c09e448f2928b2e43b75c3080f471bd64065c46d26c58ef274cc5a7de6d311fb 1580883298.47641 88 
1580883298.5255053 d83489fd972842940460ef18a32f4684adf5bcaf721e95227c4f5d6a0fa17b64 1580883298.5258985 88 
1580883298.6521065 5c41879fe1a3f33005c9759fc3f1033a3a97005eb713b84c62b66385853b5014 1580883298.6524425 88 
1580883298.7039108 54ff07e3efa5f5c7d536a3dd7f67e383b930de841683299d97db36d66208ad04 1580883298.7042682 88 
1580883298.8261795 cc6befb7b596660655bf2fbb6b7548681fc3aff1b9dd97bdce2fbe4172ad5ea2 1580883298.8265104 88 
1580883298.8865805 95566085c997e90c62eefa8767576fc6fc8a56adc7ea88d45b6460b7199ca198 1580883298.8870687 88 
1580883299.0659673 787faf043b0a5212c4a18123ded5a3830f223d9782bb918d3191ae7bb6c4e49a 1580883299.0663023 88 
1580883299.281214 2ae98945ca629ede183a7f5ab62fc678945fd7fc900d6d68d0dd79d0547392cf 1580883299.281544 87 
1580883299.3909702 4aff85ad349bc77e766fd5981f4bef390c86cf49d11c004206d7a29bed7a7b57 1580883299.3914106 88 
1580883299.4096317 05351fb5667d6a9712da9fb0b258e2d2b6707325bae6d32129ac4af27501c8fb 1580883299.409834 88 
1580883299.4334664 d131f785d1a734ca19ae5794ef12da55ac45a19eb839aec115acfd4bcb64e87d 1580883299.4337075 88 
1580883299.7992022 ba6ee5bbfdf28d7fc063836641f1b8f42b299309b6734c95a2f5a3fd1f60ef67 1580883299.7996442 88 
1580883299.9421546 8b7d7d3bea56aa6d19fd696768fefb1edb2fbf472493a9e6c28af07aafd35e8d 1580883299.94261 88 
1580883300.0409908 fcd5c94415c6b8a94095f9c3d233cde8101deb88c03528658e70c470abe12a1f 1580883300.041328 88 
1580883300.0482528 63221142b5fa5455e4f4081c89f26f0aecc3cc5357bd98ceabe72280d0098eaf 1580883300.0484293 88 
1580883300.050147 b447bbe300f70609f70bc0bfb66879daf4e505e283d54622a42a3999217582da 1580883300.050347 87 
1580883300.1848974 7046150262d7802f4a0f5b0e2224593035d5f6234b973028ee755c19d9b3650f 1580883300.185325 88 
1580883300.3356128 e0f35222d482e0a2e782c32fdbc2239df59d67974aaa1b29ad68fc7a0d3bed49 1580883300.3360617 88 
1580883300.5206273 61bad7a1c20ee70e3839c7311d93a037d1b58ad9e9ad603b1e0735ff644d1064 1580883300.5211318 88 
1580883300.744415 cd22f3044088a8876ae50e36c094f8329ecda44c8cf968b643777578dd503e81 1580883300.7447686 87 
1580883301.0035644 9113cde45167cf8d30eeea270fc77373f8c925eb7605efc4607e0ab6bfc5eeb4 1580883301.0039744 88 
1580883301.1652343 93aed2e542e7d21c0948f4048be745a7e97af8a98b8ae376e8476cc330349e83 1580883301.1656063 88 
1580883301.4672644 29367b7a05f529450b80582e2e65d586f85108d5a23b12c0b7fce0629f3fe4d0 1580883301.4677773 88 
1580883301.6280735 09f7b6d2ec7d39fccc9f51a335b85b210dd38bb10db3e07752620d52a144ba89 1580883301.6284227 88 
1580883301.7338471 34177110311dffef02a152e1e7310f70e7e2807152f3e6ed4693accc52ab84eb 1580883301.734297 88 
1580883302.1802506 347a031dd2449105248ed579ec9ed34605e9a6d81ae337b2dd42d87a7f8e0a37 1580883302.1806316 88 
1580883302.2628293 7771bc9f5a7fc97af20f873b5e2e5105eb30307165c3135f98e747d1101a775a 1580883302.2631679 88 
1580883302.310153 fd06bfe578e29411f1f18aaac4b3aef026682cb8f37f0e0abd6d1b343380c3d1 1580883302.3104558 87 
1580883302.468297 5c869020cae93b50ad5c4a015b004cde8a000bcd7bfc2319082d5b6037931fa5 1580883302.4686487 87 
1580883302.6467633 197cf8955810535e26bd0eb7cf3b37958aea8a6bd1a5ea069f15241944491bd3 1580883302.6471243 88 
1580883302.6785314 5f4f0f15d1649e8f9eea357dd8f77d1ca7617afa80a1b37aaea3090dc1e8732a 1580883302.6788545 88 
1580883302.9356294 7fb7588aba985f7bc53e07bd0f3d7b898d2d53e9f70b2e9b96f4720028203987 1580883302.9360566 88 
1580883303.0220175 b4d13bd5143ef051359e68c6e18c5cca76864621cc62612bc14d68f67d49019f 1580883303.022577 88 
1580883303.9840271 774338e777d95fd8331cb3a40358deda44452113fd766b2863eb8b95edfca55d 1580883303.9844093 88 
1580883303.989674 81cd6c38f0e2f79b81b970334ffe83367e4cb9e57a65362518beedf174e69c94 1580883303.9898887 87 
1580883304.489569 2b5ae4652bce03d612a10399c41e74bb1eb30590015d5c191173eba9bc7b83ee 1580883304.4900324 87 
1580883304.761458 5c2903e9d3057e0d849f7acf5e667ce98cc3819a0e6662f8debeb18d7550f886 1580883304.7618663 87 
1580883304.967063 c5d036a5e978e04c0c9e0ad29dbe2cffa0f439320372412b73c92a810cf91752 1580883304.9674413 87 
1580883305.824963 8cea3b8b04228743b0617cfa0b9e1e86fe5d1b251bfb2d60a14426a8400cfa46 1580883305.8254118 87 
1580883305.8762095 dce838ef17b971fc50a7cae8f5ffcafe27d406e404a7a744d513874ff80c2d08 1580883305.8765268 88 
1580883306.1414735 edea3cf34fedc1c2099a48294d89226c9b9dc82f696d229157fd11cc254eec1b 1580883306.142025 88 
1580883306.2044008 ac01abc6ad3f2a4567cbb1aa81ca75d1823fcc4937232d075996ab63b9083bcf 1580883306.204861 88 
1580883306.4504387 b3f93955bb9a60aa1323e286b471f6aa4d52518424f22ebacf8f0bf146f197e7 1580883306.4507635 88 
1580883306.5106685 7e0c554b567afc235645ec559bbde0755a1adedc737d40ad3012ac25a6bfccd0 1580883306.5110252 88 
1580883306.5615342 56697f288926b8d6c7ea6bc26e5fb4935eab10ce8545aa78a97227aff4358c41 1580883306.5618672 88 
1580883306.874195 51aaf3122a912d531a0793ffc7c7865e1706eefc3d0ee795ff32c2c76e111249 1580883306.874561 87 
1580883307.164416 4c1d2c639d9df48af077dffa15b35a9b0600a69f86e7e52e9b624c6e9dd59081 1580883307.1647403 87 
1580883307.1731837 3a65ab2168f7931d37e7d52160965cd387313f54d1dc4e396bc39dd22706dba2 1580883307.1733658 88 
1580883307.2118049 b577cd2deef7ec05a15bcc1aecc11191d4158b440e3c6db5fdfc45049ac23a82 1580883307.2123294 88 
1580883307.3559399 c83d92006c119a3b9a896b5a48c8aa4ea83d9dbe37476479942e9c8f358005be 1580883307.3563921 88 
1580883307.8578634 295853013344d3dc2fd4297b249eb460c2e971f85092d49ec1a6faebd61161cb 1580883307.8582425 88 
1580883307.899268 69f99a9058a756b7be8335111c99336e6adcdf030b1d3844b6b02b292029dde1 1580883307.8996394 87 
1580883308.1015737 773978cea24a7a0969fb55a026edaabf1065322704649d63b1e878680aa5186d 1580883308.1019387 88 
1580883308.2439482 2d8067f79a7b9d35c880ae61c78fb47f7c8cfdbff7007f496e8fbe4b9667d9f0 1580883308.2442741 88 
1580883308.7879293 4d19fbbbaf24c643d4e0d75d5d3db0c3138799fb4a7d8dcdd44a34e85fbbfde4 1580883308.788495 88 
1580883308.7927117 d47e0bfc2d9a6c7c98318744dbb61c139da70ad3be50e8b778e28e930562c592 1580883308.7928977 88 
1580883309.4082227 82db55b7b3fc73878de9308a9f7e4a03ab7eddeafd98a7aa68da147f686a468f 1580883309.4086783 88 
1580883309.4399936 47c28e406807dfa88fd99b8acb3560966036439a36ff5c64f2b1007cfcdc5101 1580883309.4404242 88 
1580883309.5370083 28cfa14920b305f7f749b636be709819926879ee9ecaadf9f691fb5f42d3974c 1580883309.5374298 88 
1580883309.8434875 ddf84b1b034175a59196093dbe2c50eabc760283b8662179e9ab4436fcd3f48c 1580883309.8439214 88 
1580883309.9092746 4b2003b5425f60524741d268bde7fb7b25c39ea60e036cc69a4c0141560cf8f5 1580883309.9098167 88 
1580883310.1328366 aa05927cf97c1aad6266271358adc4046ca9807a5a916fe597c4b1450f22e985 1580883310.1332502 88 
1580883310.3352602 c979cfceb425d81b01ae1a275e994a24680d0822372ff650f8359ffa5f36e185 1580883310.3355937 88 
1580883310.7856958 98068308b62d449c8c0ea4698e32b43b0c58b72dfe410c03d067f1132604b754 1580883310.7860599 88 
1580883311.4698105 2e469adadb82db6e55adcd61776edec81a4e74fd7a2a87fd363d30e21a963cac 1580883311.4703424 88 
1580883311.8102586 8496e23345213975830695cfb5e50b7b1d396710ef07d30fd655fa9334bd997b 1580883311.81067 88 
1580883312.0116162 60675d9fc3885f5c51923076a750252b7f618fa0b739f771f9451ca4db5f1d12 1580883312.0119658 88 
1580883312.8908672 c7c1df061ee2ddff3c639abadb7ee5976c36e8d4ab29a4f477d1039fc7763da2 1580883312.891289 88 
1580883313.822127 bc34339d683b166a97e8477affa89f31d872caeb6b7234438bc6f73684532ba3 1580883313.8224683 87 
1580883314.0999408 8f6f2d2ca780f85f7404f4d46a837a7f1ae67a4a7fe4946d8aa6f5b4a10968f3 1580883314.100385 88 
1580883314.406147 36ffda431602b37d3129575b4c3268923ef3d6a277f29acb2182d7f7d9a49fb2 1580883314.406487 87 
1580883314.4997241 aa6d01d8c3b42c156a8a2e61e6d01d2028a1d226eb611c1353b75485815d5b52 1580883314.5001702 88 
1580883314.5480154 2235610c5203ea7d7bc1b6e4c286822e0d34f80a54b358f410546493b7ee8156 1580883314.548471 88 
1580883314.5575297 6c381b9d0685fea08a985b41bab21b4b004b07f6f0676ca10198014ed8898e06 1580883314.5577366 88 
1580883314.7435353 6e70da94bf027694b2d1f5fde6af6214b636d16acae8a3bcf132f1afde55aa10 1580883314.7439082 88 
1580883315.0526278 c948138a834ba1888a396d51c35391f74a4b199549dd5fe2a1d29a022913ad73 1580883315.053006 88 
1580883315.5466523 68a399b1f9e6a525138a10c5e4ed260db2ed6cc5ab26db0a97984dfb337e1622 1580883315.5470495 88 
1580883315.6185374 cb35ca6f2286735e9bbfb49ca02eb2377e433163ef9ca29bef02e8051c40d342 1580883315.6189601 88 
1580883315.6503997 7a44f0034bff7ad8a600978d7d61044ff4ca42a2ae9e32d13bbc5ac0e357898c 1580883315.6508071 88 
1580883315.7399356 91ba14637b119dba0ddfdb1d59f75c12ca735bcdd20b40cf7206959a0c7ceeb7 1580883315.7404377 88 
1580883315.9689739 7a3f12a612c31c16a5366ec9c9022e30da87eda868cb73f583481ddd090bd41f 1580883315.9693654 88 
1580883316.0605297 839d50e89c43f74d165319ce3ffec39c095d10481b2212f552974fca4a3fcde6 1580883316.0610907 88 
1580883316.6549432 56482d7dca976c8d8e0db1d5ececb09f930ab6f4e4f2450e4ba280b98e8455b6 1580883316.6554165 88 
1580883316.7267575 70bbd1914ee31f247bfa801c785dfa07a14b19c915dd6eacb0306c6afdf74c7d 1580883316.7272186 88 
1580883317.2078254 9b4ad169b88dca644a60effe94bf72907449ced681ad46c3912af47f7d17fd21 1580883317.208248 88 
1580883317.2146482 9c51b63da3712c164b09c1516b68680829a9542c30fd3938305a3e2afa6ee674 1580883317.214891 88 
1580883317.427674 a09d8567ae79b3e076555717d843a072889bf195ab6b997b9f4850b1e5b9bbad 1580883317.4281232 87 
1580883317.625734 f7a642ee40cc06c168e2c1af077f5786ec056681c1165e71886fdf013e6c5b57 1580883317.6260836 87 
1580883317.8696146 34dae1c7a6e8032afb968dd7de9ae9d84e698c2af81b3f220691abd20cc0ee04 1580883317.8702374 88 
1580883318.0092642 5294a7a714f84be7a2d822afe3785fb1bdb9674e0b23260572bd39f8047b5a66 1580883318.0096908 88 
1580883318.094581 9fbfa7e2153ba9e519b2e1c29971eb72b2ce726ee1222df6de7a30210c6722cd 1580883318.095077 87 
1580883318.222037 692e5520dbd80b1eed789325402180047c4ac102148c7b15f038912a1d969264 1580883318.222466 87 
1580883318.309509 47fd37722721c0ceb46c98e3d1d431c8d09b09f5d51b981f5447f3b0e86e2ac3 1580883318.3099675 87 
1580883318.4389114 a336fbd7b26adfee4570b57767a8a496e72103ce876965927d89ba399f8a45cc 1580883318.4394324 88 
1580883318.6101024 26a5728cfa889c9afe12c96685d08604f7b1dfb573592b80f48d5679f989f15c 1580883318.6106627 88 
1580883318.7108493 3449a13e69f7ffd727988329cb9e5d1d2366d569716c7446717ad5660eaf054f 1580883318.7114255 88 
1580883318.8309762 dd5100dbb2faa04bce4ddec2ff21112c83d3e15e236ce8abe9a577f22904ee1b 1580883318.8315609 88 
1580883319.4255996 189ea9e29643383288c73b5a5e27c49ef7fa15bf5aa130b5c335997233bdc561 1580883319.4260461 88 
1580883319.7703032 c8f51204b18c831fbb19c59edcf80fd58caf4b89795862d0cbb93a9509c0f942 1580883319.770654 88 
1580883319.9783492 c5f2a65ab9618c9ee3864a510975c2c394a1cbd963fa60c726d3ffc269cb4647 1580883319.9788065 88 
1580883320.0836987 34b4a1899cf9007679c373653ed7be01a252cc669efdf2f43e1fdc92f4286fa5 1580883320.0840652 88 
1580883320.2629638 0b24498440d19db1affa6e087cff2ee496aa0f7b8657c78a2c1033c26beb2c79 1580883320.2633529 88 
1580883320.4433033 7eece0543b56088611b5b2b8734a708459476f1e12b47ffb8f1bfbc1030ce80b 1580883320.4436483 88 
1580883320.5156865 7cf5f25ed224c2e49f3f3c87e32e1faf8e001b2a30fdb7e6b08bef0dfa3a46e0 1580883320.5160089 88 
1580883320.94083 49e900abcb5c16ba705354806522dd3d58344aa990c1575d67f1154141e7fb84 1580883320.941283 86 
1580883321.1126606 648c1f0b0fef49063f6fdf72309e7afc49076b65c269a708c99548641a2ec2d2 1580883321.113107 88 
1580883321.235275 494d4137a98d1c5d7233de15cf9ce45b81bd9f709bc770c6d1bdbbd49863b8f7 1580883321.2356434 87 
1580883321.3134878 f0cf8cf64661f60c48c31e6c6b02c3c6e803caab0ed1f7a0ea1a92d0d0611ffa 1580883321.3140094 88 
1580883321.3502314 77d33d225c9fbfa7a672f816fd0a4e3e9ccb3d5710215c163a71cb5ac6057f20 1580883321.350533 88 
1580883321.3895063 dcf1aa15df4001438cebdd6ea5ce6543d0a7e8906762d84c78aeaf546a3a729e 1580883321.3898273 88 
1580883321.54167 4e01f93133b0b8d94a581e9b82e9ee6431fbf4c81a856ae0c3f5aa29b2f310d6 1580883321.5421898 86 
1580883321.8545382 95e6cabfa0af1ec9424a0429d79af6df11fc5478b4a86af366b2d97b0e7e88fd 1580883321.8549232 88 
1580883321.9682772 0c736a3ac5abb71de5f39f7098d2c26957fb7c58bb441a4279794166a98ac8cf 1580883321.9687543 88 
1580883322.2677114 9f556063fb0f9b53fc15ad46ae6dafc8da5d5b36c334e189a45986e599f48696 1580883322.2680354 88 
1580883322.401583 a40d172d42f00e5343d7b49426507255d94eb4d8a3c3e7dd4b942fa4818f460f 1580883322.4021592 87 
1580883322.4584084 961c9e6cf11d56577a6126e0441777befca79366e610a21e3511c46ae691b536 1580883322.4588387 88 
1580883322.6075914 fdc3369b4cb028f631920688554ab55fe6367f3eef38949d9a3055d359632421 1580883322.6079462 88 
1580883322.6369314 57ba8c6e5ec9ae73fba2ff152ebf88dcd6cdd4ba648952c6a8736edfc8b4623b 1580883322.6373074 88 
1580883322.6446674 5dcf3d62177952fd55e91edd673e1c146f3f4b82c9f64d273a4e8cbfca3bd341 1580883322.6448507 88 
1580883322.7163792 dd0ecf1c5a522cb15d9e8039b849ce469e7e1665d40dc36b76d29a565890f041 1580883322.7167344 88 
1580883322.8357565 907a3d30bb3ce5abcf95c37a9ad0044e4c362e1217b97f2ffa8fd93901e90971 1580883322.8361032 88 
1580883322.8633893 62bb9408680cc80d4b6d6d37808bb09897136f48b61abb7b23efbf270e2c0ab3 1580883322.8637207 88 
1580883322.9877038 08a2895f92d7beef2443b06cba6fb020e206b261c38a8e7f7533adfe4df450f7 1580883322.9881375 88 
1580883323.2167084 27580e8d1bde75a00da8f3018b6f6481892340dcbdd0c15e9426e58f90865055 1580883323.2170546 88 
1580883323.5913532 a5b6ddbb54125eb2704302c09b2765a50288d2301896c29a1a6e79f8617db710 1580883323.5918999 88 
1580883323.6307323 767287177900d370f3f76d88ef73523a1d9e7674dd5d47f31c51fcaa28eda036 1580883323.6311364 88 
1580883323.6679153 0b954464f402a9bae8a92e1a1fcf2df460ddf2fd1fe231a91958c3a42d94754b 1580883323.6683943 88 
1580883323.9486222 bb6c5e3ff7c04134ee25c377406aaa3f47712b5dab56aabb2b91d75a9e36019b 1580883323.9490457 88 
1580883324.1975656 2e08275447e1f51162dbb15e81e990a5bb5d5ad3eae4b688041f8ac59c361961 1580883324.1981478 88 
1580883324.4392142 f3855443b98ed2e2d01f660b10aa428e7e71f891205edec871faf9323faa6e99 1580883324.4396467 88 
1580883324.5348675 ade005fae33d639eac22b1cd0a78dd1f0d1467f0b71e11435b24d0e353ca8da1 1580883324.5353367 88 
1580883324.733609 76c9069dd59460547a1340f0987c64c047d8cf6411839ad6ec9b9a2ee4013e7d 1580883324.7341208 87 
1580883324.9762578 61cc745cb6835b20fe5766ea1530d0f9cbd784bebbe4443a22d7a068407791b8 1580883324.9767087 88 
1580883324.9992802 c47f1c40183abc87ef27f3eb9384fcf53490f9e590d772d5f6329fba6576b538 1580883324.9996436 88 
1580883325.0641809 eb70e6322aabd6982781161381b4640136d1579a4edf5f6f2aa16bcbeb80896b 1580883325.064538 88 
1580883325.130479 bfc168a0aced443e6395a342e1cb0422e5cb54f30e5ab4dc03da0c2b47b1938a 1580883325.1309025 87 
1580883325.2109122 b571f85fa9da233b86b2736a047ee77d2431606b0fa1433f033208bb55ed744d 1580883325.2112565 88 
1580883325.256929 70ae0ffb956470ab5aa729a3780440e1933a4c29c8e305523d55f74ca42b631b 1580883325.2572622 87 
1580883325.579245 0b81301a81c1f1d93d51a259c9f46fa5c2a9cf55f2f13f76e3fce4a77f1046bf 1580883325.5795925 87 
1580883325.6252925 31584eee97291005f45baea5b2b51a5023b4e371d4571acdf0db4e8a999e48e1 1580883325.625637 88 
1580883326.489842 124f4063f137c3fa584caeb82e93377a14046f47eb439d9df32895522b376048 1580883326.4903283 87 
1580883326.5479934 0eb79657760f5f80723fc1adf792d6e77e5f9e296244317c5ee740e7c8f85231 1580883326.5484557 88 
1580883326.9300334 1771faaaafa626ecc2a02231b9b3ce9a47f012616223c83bd09a7da5d4f54d23 1580883326.9305408 88 
1580883327.0319705 ab1a0bc0b654308d37ebcda19af256e5127d21c65005a0760d2a1a9f0f8e02ea 1580883327.0323043 88 
1580883327.4531944 915de3e018a1c1bfb5de25c11a96d9f5f628799c522df1d07bd83c6f53c2b012 1580883327.4536188 88 
1580883327.558246 dd4497640e5d48c51d153b43d492fb7fcdc54313e09cf5bff96c2a76f09e7970 1580883327.5586946 87 
1580883327.5701513 82e3cafb01768603c7d81ab14680dabc99341b9378ea11f2c21f9e6ca55ae829 1580883327.5703619 88 
1580883327.7600715 6c8ad174b7a4467c8897aa9b2bdd5b8ac2e7fe18593ce049c5bebf56c5c588f8 1580883327.7609909 88 
1580883328.0888047 6c4a76d2d1795870776ceadfd2048bb07eca57cba6e992a58a26261451852e19 1580883328.0892727 88 
1580883328.0906909 d658da3ad2a230fd19328314addfec33ae43a0d8d91d05c1d221ef8033a8fc59 1580883328.0909865 88 
1580883328.2655976 a0bfbb20a22f3e16bbf293b14b174e66734f354b90c6cc5bcdc7fe45570b59c1 1580883328.2660575 88 
1580883328.4225907 877a7591d219a44df1a8096bca5b7dc096bb1deb9e944590044f39fdcabf06d3 1580883328.4229217 88 
1580883328.6441016 8f9cb305332972b2ee9287da91e0d94ead57479fcdc0e773d63e40d3adeb9d09 1580883328.6445127 88 
1580883328.6497278 e1afb77b74d9d71d5a1d2cbe6cdb5e3846ad32f1629d2ac9195b005ea45c390d 1580883328.649901 88 
1580883328.7247024 ec75fc2b2b6a67a159737f7afebe2efbb9e20e26af4470b4bdd0f4ef88c0f0b3 1580883328.7251167 88 
1580883328.7392113 49eaff624b1cc449df9f66564bd74e676d690508d5b91a05fef63cad00c2e970 1580883328.7395022 88 
1580883328.8536081 a1dc38dd4921f2844e605f91c16856f22a7980c8bd64003aa937d63c9a9718ae 1580883328.854075 88 
1580883329.0765424 dd27d1335c15c88f5277eb2e6220830986d2131951f91a6b637a481aaed9c769 1580883329.0770195 88 
1580883329.1339307 15b0555b25bf94512a14273580060b5dc77773ed5180f3d1015520a374fc4ae7 1580883329.134392 88 
1580883329.3483486 83454e1d830835c654e14273532972c4e54c6196db479d00e0b77fef100cf5c0 1580883329.3488066 88 
1580883329.4473875 5f5dfbcae2d87486fbce49fa6de044360e0b904fa3d3cfc00d14d1f685e0d86e 1580883329.447729 88 
1580883329.4672997 080d62e66e72f84fe7c42b37548d2f18cfc67bbec3bf22ae3c08c34a2b65dff4 1580883329.467565 88 
1580883329.5211377 7aec7941d409826570ea4f8df21eb50af5542823e361443fafe9caac696b79eb 1580883329.5215392 88 
1580883329.5690084 40032685bbec6960ad4378abaa6aef9ce727dd8f46aae7a6ab42737b69e06ea6 1580883329.569408 88 
1580883329.5749793 271171c1e6a7d7adf9961e136f435be20026df7fe80f81130b5850630c45b5b4 1580883329.5751758 88 
1580883329.7913127 838da44d9f96d3ab817798d97c41417d9764854a335e65ebd60d531f03e0ede7 1580883329.791657 88 
1580883329.9058921 c355808bc0e96fea22e9fbdb5274d07254d5414f2f399dafa190339a43859c79 1580883329.9063194 88 
1580883329.9750402 9cb9f47ed95c06b7eb4bae45bdc7f74ad893199f25b2f0f1ec4bc37b5cec15db 1580883329.9754865 88 
1580883330.1966166 860e33aa8969c7b299b4dbbb4db9dde0c8d36b7ee1b5d02f7c3918774296dd1c 1580883330.1969671 88 
1580883330.3904974 ed2dc8495fd6a54a90b8f1aa41ba08feaa5a83c9e9fb42efd306bb69faa9bb75 1580883330.390907 88 
1580883330.9267657 7a410791d0e28fd9dc802e4b6e121cce553c0b3554e06519a0f4a3b05eade326 1580883330.9272296 88 
1580883331.0013144 e8e40828cbda2fac63bca8ce43d569b7881cef23d1a2b83778e720d4c446af09 1580883331.001758 88 
1580883331.3116229 b5b2ac7e3f11ffa8c23ebce37dc47898d2cc620d2128610352bbc34333febb66 1580883331.3119683 88 
1580883332.2171023 d60b40ca60719388c6f6b754b0e021c08d84a86e1f7fb2af16448d4f4ab577de 1580883332.2174518 88 
1580883332.645938 05ad357d0e69dca15fa9d3b211242e98499a64fdc37b490ae34ef740e7ea234b 1580883332.646415 87 
1580883332.661967 940c61ee6e9421fcb16836940e15762b4a5992f2714124a98a3bf9eee9420331 1580883332.662157 87 
1580883332.8063176 7d70faac7e85330ada2b716446849d2bcf6be29ab54c341dd786a4e18b030e36 1580883332.806682 88 
1580883333.375912 0075fbf229a8cb4a44a0fddcebcd66726e1adac8b16a508a129b6c81589ef129 1580883333.376305 87 
1580883333.4806201 aa5d140021730895cbbb24341c19d9cfd4d25061b9fc3e99c3fa505004b78184 1580883333.480934 88 
1580883333.4931858 7179e39dfc90c9456afa401431026f6eed6c67fd0184f539dd764de0326ff82f 1580883333.4934146 88 
1580883333.572047 bbdb976418279321388d01c0a29b6f46d40490c39a1ac16859c31a3e9acd8503 1580883333.5724454 87 
1580883333.580885 b8c3d010a2bf6d709c5e887b80c7e3354dde9f8a12b4d8f4c5793f5e6aae4119 1580883333.5811007 87 
1580883333.7752686 1ce48d429cd187b1802d9233dae3dea2350a532cc46c624ee9f7a6f86effccb6 1580883333.7757094 88 
1580883334.111711 59ac0597fc24a8327e7376e3e2ac4fa6b21d0e499344c2c69f7cfcbde5ffb4f3 1580883334.112073 87 
1580883334.1764395 5417bf5fe17f665636b984df686747ae53d4ca3d2bd742bfd645e092b91ee1e6 1580883334.1768882 88 
1580883334.4153976 d2e4d64c32d5ce5dda45cff075552b5b72a90241170793f43a76f9b6e568cb62 1580883334.4157515 88 
1580883334.4806805 513bd7be4536e67470568cd9171b6dd0b1951139c5310f67ee7250a9186c73ff 1580883334.4810195 88 
1580883334.5023472 80fdc54244bb74def6227513acecc5923232434ba45d6a90894c18c5edd2f647 1580883334.5026236 88 
1580883334.9586747 e2a7e9be8fcc653d67751eba95a679855f067b7e2a5571922f049a3aec204e9a 1580883334.9590328 88 
1580883335.0329752 c5ba2c8a2182a7e4c6e73712c9018b52db81d04e63cf0972e9372ac2c9adb535 1580883335.0333536 88 
1580883335.0444782 18033be113576efb45eccabe009d7fd85f7b7b5ff93f84078860030434786d61 1580883335.0446723 88 
1580883335.460038 f964428b7fb164fbf0499072d0cf27fe964b658d07c7615783917c22862dc42c 1580883335.4604104 87 
1580883335.4622295 a16589c9bf89af596b27696f6c169f383cbf76a1db8ea828c497662c11cc0636 1580883335.462417 88 
1580883335.4917812 f0f251330c795e91f4df6be96eac3a118c71c007b964661e8d1aca1b04cd41cc 1580883335.492088 88 
1580883335.7581732 7d843bde653bbeb690d2bbbe918c5ffe34cfd690629f1d3b5f553e6a69be6e8a 1580883335.7586243 88 
1580883335.8991332 5cac5405b04574c8715cfc40dab895539716ac59408423be0942c093d1a959c9 1580883335.8994863 88 
1580883335.925758 d9c180e604dae6a5b3bf972777e5733515ebc5a882a38172fe5227405e59422c 1580883335.926138 87 
1580883336.1118953 96f70a65a4de86fe79a80314edec89ab3eec63ee0163bd12007d69971282db2f 1580883336.1124542 88 
1580883336.1795328 cea3e58f51f75f595e18a6664ec6b03fb0f5c015d6664ba8db69cbacf5049fdc 1580883336.1798975 88 
1580883336.292439 652944a6b1e4485f3cc3d8dcd1c450eb3bc9852ab80527dc3578800c03a0ef06 1580883336.2929215 87 
1580883336.3866212 0b0f4a5f0fb0fdfd49a578b1c3bf152487fb5795664ac6e6ac9bc989177c9877 1580883336.3870628 88 
1580883336.4334292 3037aefc73c2f27b52010ec0f3dc7239d2a8169991f288596a16d6ecb803c941 1580883336.4337661 88 
1580883336.4400764 8f24fcf47ae0339c553577074bf86b5d236fb51a908b769c262156c58f643efe 1580883336.4402707 88 
1580883336.4970667 8819e8817fa5f98fc7870121559acac91236bdffd820b3957c649f784c7f2669 1580883336.4976065 88 
1580883336.7380595 a4926152a094711ef6e3b7e5272e08fdc4269cb3efe19117f45a6accd74124ec 1580883336.7385006 88 
1580883337.0007806 9587f85a08997e59016ff69260774845323ee81b36bddc1a3a936f0cd8b16253 1580883337.0011241 88 
1580883337.4715965 04daa9333715a0f62ebcf88c4a3a049292ed0cf04de1471a9ad39e2bd1750407 1580883337.4720008 88 
1580883337.5165882 df8568e649f4489d2fa6da92fe21bf15a809bbc02a28c16a0fd17dbea004c77c 1580883337.517057 88 
1580883338.3066418 35c1767dd0cd4d22ff010b6da5b99b3c11bebc1c3507c0edcfd2658d516a1364 1580883338.307026 88 
1580883338.8156552 218535162c70943b36c7d643eb2fa8b1f96ac7a2f6ef156c1d0eb9b961919fc1 1580883338.816024 88 
1580883338.9740229 558955bb6e9a3969cf384862209f060e5369ff9d506879dc3195099f2ba13a85 1580883338.9744172 88 
1580883339.9378083 87a90f0c3e1ea66bc6a9fcc9e99de214a92155f6a308df73a4c5d13a2e59f521 1580883339.9383988 88 
1580883340.0032058 aaf724a6fe181e503eb901af8b9adebfb84cd03b5243e89a495b05ffa054796f 1580883340.0037384 88 
1580883340.10581 42b76a396c445b6d0f1e55605725ac56fa8291ff8d911d9f4f7a9171d1b3f31b 1580883340.1062074 86 
1580883340.1962035 d415d4168e6ee153b6e3cc0911f3047642d41348340510a0513794ad97895443 1580883340.1966012 88 
1580883340.25409 b01d04d5e4216906d9bd3a348cf8ed7fdeac902e9d667ac4989c0f4d9d9c3583 1580883340.2544973 86 
1580883340.2835999 d55b38fee56d59a4ee8bff819aa3c72d5f5dbf7ca11d9d0cce53f6bbc9fc0341 1580883340.2838511 88 
1580883340.4268777 f4a205d4ce76d071e7a6c96ca4f22ff253ea0961a9c7511d34465f41b1c8f2e1 1580883340.427204 88 
1580883340.52782 c64d253682a91162383505dde38018496eadca22eee2f8054e85adfa32a05d93 1580883340.528193 86 
1580883340.5714214 4e037b85b0a5f09e9e248d1bda56dba23b4a83b7601723ca4c571f2a485c705f 1580883340.5717225 88 
1580883340.7443986 6a08897e965cd6cfc6b681e1e90a08d3ee20f9aabd12cf6013e88e01425203f6 1580883340.7448442 88 
1580883340.8397176 6017ce7a057cb8e9f3ea3b640b486a5d7f7810846af976898c4a6b2200e616c9 1580883340.8401117 88 
1580883341.0936692 149717b1bf274a4aa4070c930b3eae6ec4c6b372c4d94a335df606eb2ab17296 1580883341.0940266 88 
1580883341.4729314 6d92bbbde3ca1fcf6e9b4fd94f29ec0e0ee6095478b94f6ef80daff306b75ba1 1580883341.4734216 88 
1580883341.724846 5fa708abdb8c3a65f0f6d63515c5351ff9a2def180c068501086a6bc5013d281 1580883341.7252288 87 
1580883341.7375917 74993ff7fa7adefb175ace58e29cc21f14af4bf68be05085aa447a4959d35c5c 1580883341.737885 88 
1580883341.848577 f093e6b947694f94c29fae6083077651570f89281dbbcdf6183f5bbdf22b59d3 1580883341.8489876 87 
1580883341.9659889 0e23b2dee9fa53191c8c413af20779a70b89d6464ac1f8542fca3fe9b053a9f5 1580883341.9665434 88 
1580883342.0253282 71ccb917628932d22a82d025926e4d373b23305a8b54440ee393f70250fe627c 1580883342.0257454 88 
1580883342.052903 3ecefc278cc31a211ba634f93bfd345117c275498597655866559b1eecf7b9ee 1580883342.0531766 87 
1580883342.0943396 0d547724ab7c72177a2e5a805dac86bbcd5e66dead6eb88d4fe1977016cfee09 1580883342.0947125 88 
1580883342.135933 0c26b926d613885e130b1d84e371fe7d5e65c0989d958150c3266c4fdff77e81 1580883342.1363473 87 
1580883342.442057 fa63d479bb6fbdee9c2f3217504d85d93f96a86b81ef65180da1aac1fcc2dd74 1580883342.4425094 87 
1580883342.5306137 03a3599727eab2b6f4f46a2505c2eb9259257975719335abfd0653c8add9dd0c 1580883342.5309722 88 
1580883342.7284262 a3d9a8e9633d75fb91729974bdac827b8dfe85a5dd436408f2e001c607ed10a9 1580883342.7287998 88 
1580883342.8795722 1dbff890d65ed1c04713b3db3f57e8ce14c5bb175a40702a4ef789a36902b107 1580883342.8799798 88 
1580883342.9708827 283b8abacb95934d94303acf591bbbc6260e58aeafb0ae7b309169838eda476f 1580883342.9713328 88 
1580883343.3650768 e547e3701f66091012bb552f7560c252672bcb36bd00a07e88a07be1f08977ee 1580883343.365443 88 
1580883343.367278 a36f9246a04e0ed700dafd5c856782066dabc8b72fded8efce3073b670ba0046 1580883343.3674605 87 
1580883343.401875 10cabd2c25184c7b5e1c2b92f7999245faea4cc665b04553bf7fb7d2e06d8781 1580883343.4022312 87 
1580883343.4739187 a0c0d1709bc5dafe2c53170104cbe0ec919ed9c522a5ec3cb57bf5f930be461a 1580883343.474401 88 
1580883344.052151 0a86a831d37c128e81b69ad0dc31bbfc9dc0b6612eb07ac789876dfd78acbc58 1580883344.0526087 87 
1580883344.1308434 6b571ca2419e0d059c3341c249b3104f4f38f2017105a220bbf15d8c77956e6f 1580883344.1312625 88 
