1580883241.9402652 3d64370d25ef708ce3a20dff2184b55d62bb24a60d9ddeb7b4431bc05994c7f3 1580883241.9441805 88 
1580883242.0855422 09351c88613c846d7620f15b8b2a8999fa4abd76f4652de79e8d5ecc68244b51 1580883242.086047 88 
1580883242.1538916 c2e27cad696ee88691322301ba908d7b88067bed51cd56b59819ff6f2ca7072c 1580883242.1543307 88 
1580883242.8848748 e38a761377f8b2fa0cca13d1ec878d923f36788625b3f1e34894bafcec188d99 1580883242.8853846 88 
1580883243.2758312 7940162efcac4ae5a9a4ec2c152c2bcd41786745d942f984730151db73314ca3 1580883243.2762766 88 
1580883243.483678 139c28977b09443f2a6d45131bb19df10f64ecd9e19c7c46132fea89806700e9 1580883243.4840999 87 
1580883243.5277276 ccb3e3de19a3ef42d18e8269921e0488bcc0fe161dd43d9244ba2db783210c6a 1580883243.5281363 88 
1580883243.6174405 bec4f1a61714e8eee84bdd47714f01a5fd117a51f3bb73233bc182367c757d19 1580883243.6178808 88 
1580883243.9608824 9db5cba37608307d93dd3d692e8ac3c4c0836bf1d206e79d0a8814db1fb49b95 1580883243.9612315 88 
1580883243.9801967 b8fc64f18148a71462c4568ed69a90a9a890f5d267a7027ea51e513966beaaf9 1580883243.980708 88 
1580883244.2336977 09aa2d7c5d9c3e25135bd40e5b01f1bd920fef0967bd2b01e9ea533536d6e22f 1580883244.2341678 88 
1580883244.2976203 a996e0b35aafca12041050fd0c07d776605ca1ee4879912695ce477c215b8159 1580883244.2981153 88 
1580883244.32794 880bcdf17540cee12a0fd792986fc29e35a18ffbc3f2c5f26fd49bad2eba3e7e 1580883244.3282273 86 
1580883244.5375497 931316ba2ff4c87d981aa800949c21c90ab735da381bd019f2f7df8001ce7d5e 1580883244.5380173 88 
1580883244.8382337 2842563972c398f792db26fef2565dc864b7bae3f6f70de3701c5febb8cf8b3e 1580883244.838592 88 
1580883245.1426086 3e35f41d104cceae1c1f597410d615cf50ed603452fa48d8e2ca263cc86ab8ac 1580883245.1430604 88 
1580883245.1989965 256dc001bf38f2ab9c2dbb4136995b24148c81a0203d0f3157626c50f5068a8e 1580883245.1994107 88 
1580883245.2250736 a54ff7f5f8b4f2b6fc4bce4a04783af12431185397985ddde2a245a1799ea3f4 1580883245.2255492 88 
1580883245.3418324 d4750d293bc007c714d700ae866c9082116706a2679958f626627ea53bf99cfd 1580883245.3422747 88 
1580883245.354007 1cf8463ef36f9aa6828530456cdba3c8b695d4cf6c3967b6b0f1d1f2ce025d83 1580883245.3542898 87 
1580883245.457022 5ff36fd62b128e76d6038aad1c9cd5c95ff99f588de3e2932f578b61fd8e7c1b 1580883245.457431 87 
1580883245.8706374 47755809ac56f2c318455a3b76f48053b43227b9d00ff1b0bc34786adf64234f 1580883245.8709934 88 
1580883246.0447273 8e89d982f4c659856f71884658b7f3a852966e0a9cb2d23c451eb7681d864490 1580883246.0450456 88 
1580883246.0988042 2b7e813e7ab19d67c1a4aca837c24418c7789ea9a39bb40e42b4a0124687f794 1580883246.0991786 88 
1580883246.378235 e8e3fb40aed2029abfe343515efc52ba12cddd4933ad186cc413fc4b7d7403ae 1580883246.37871 87 
1580883246.4812403 80039a5c821ec06d234775be6895d8e2038c68b2529896cf842f7340c1b83349 1580883246.4816723 88 
1580883246.5791988 2ce60407d5c225689a57aed7b6b4d7ac4e5da7184da4c95bfb8c23520146f60a 1580883246.5795588 88 
1580883246.623491 d24dd53aee05a250f149d9c06f85e0d655004ca72122dd8d707ebffaac415877 1580883246.6238089 87 
1580883246.7329926 45b3c35e8781cc5716bfef9992c87aae7951bc1770ba1d69677776d17f563176 1580883246.7333193 88 
1580883246.948057 e2c20f1c55c54a943aa382e02deab9a9fc49a109217279f4dff6ce976c66a257 1580883246.9489973 87 
1580883246.985898 c6094437bf72d7d9a11c3cae813ee8b3f4236456290fdc4a9341839d46e124bb 1580883246.9861772 87 
1580883247.0132673 56a861ac65c4aa0a6e4b7e6d5d7189fc138a0f4c602b09a1846c797e8cd606f4 1580883247.0135126 88 
1580883247.2122414 b847750cee939ccd21b595ade972e2b1fff29cd3157cad18502248d4a9ba0a31 1580883247.2126727 88 
1580883247.2502146 a32d112a4d370b3ff67351448ac255d426c907d8254727411f1124bfaae4a962 1580883247.250535 88 
1580883247.3768907 3d29be208403e46cfffc9c6c2867788833d03b8ead0664adf3bff2700bc2123d 1580883247.3773005 88 
1580883247.6590295 42528b471fc9686d6f2fa2c9c14a1f829186be989243bd3747c729b2fbd70ee6 1580883247.6593983 88 
1580883247.9170651 d5f0e1b19aefb999fbeaac6a4642e0cd59a4da5c8fa35c6690e75e877cba8912 1580883247.917549 88 
1580883248.016529 21e289a5cd097b3d74cf1a44db488dba75f74fb61b6b83a34ee41e50919640c6 1580883248.0168774 87 
1580883248.041925 fbe250eb5b2e010de8ae6a8b41cc061af585e0fa204a6cbc38ab284db10b440a 1580883248.0422635 87 
1580883248.073283 e02870bf7539fad2c8cd4ff1f8fb51719d57179e54d13f9d51a5f83535ad2800 1580883248.073736 87 
1580883248.1542106 06a159f9795c416e98d6b0c3fb9ccca6f5053efea86f000bbc772fb1cae414fc 1580883248.154555 88 
1580883248.3381624 ff999b9f6e9dfac35d985b1b4bcf66fe62e1f67398d37ec0693a63f3b91781a4 1580883248.338555 88 
1580883248.669863 16827efa5e54fe80f0cd90b14e484b16362de94debb6c7cee57654baf6aff812 1580883248.670204 87 
1580883248.8319042 921becd327b32d3283cbadaf73aa73ea6bc3f0ebf1ebdcaee7fe0d2b0c509d46 1580883248.8322365 88 
1580883248.9261065 baec18e67651649e87acae0b42f409ccc2194929d383296f3f31d759322dbd00 1580883248.9265513 88 
1580883249.1894646 97010362d2d7fbb2836dd00fa0ea43f6fcdf3048187f5ce192f2473a8b022796 1580883249.189884 88 
1580883249.6637518 88ac5dcb9e064d45a5456d4859306b0d0bf34821a5c486b0c13f4d971e2ad1d5 1580883249.6646595 88 
1580883249.8810701 b196ac723768251afe7e2b7c8ea8ca615c192e78345a01dff40e5003478ecae0 1580883249.881486 88 
1580883250.1651957 c6e45d960713048b2451174c51b473b34b2d2470097b0fa1d54b6c2b269f1829 1580883250.165571 88 
1580883250.2383432 3b3ecdb65c89ca5c58ac61495a43606d0627742c8f88bcf603b3401e568c18b6 1580883250.238793 88 
1580883250.5986204 987037670cd3bbb3e049b19395ac518df6d446f70c791705db6e893652447765 1580883250.599035 88 
1580883251.0346644 a41d8877abf52fa96208c858ad4417d7d5a65be970ad4ce45d4ad030354c2889 1580883251.0350485 88 
1580883251.2807739 0ca0261cc540f637d78b226fe5788d85daf5b0bbafb26164bffc894cba03dfcc 1580883251.2811456 88 
1580883251.4672968 6555f4104d0e81fd4d9d321339263bfcf0c69837ff27babf2da0ca1474c46af3 1580883251.467656 88 
1580883251.4784188 8e4825de01aae18a05d3f0f890b6ad2685e005fb156bef7a632b10c5493b8362 1580883251.4786742 88 
1580883251.7151713 3abc58b310cbf97aae4e2b9473cd07531d1ac831363076760052361c167800e7 1580883251.7155712 88 
1580883251.9662452 b6425e71acfc5b7480e4c1736dbfe5912eac6ac9e690878d860dc515f96dc5c9 1580883251.9666004 88 
1580883252.0006807 0d773c52baf99105beaf5243fdadef838810515918dfbe251d1ca0871d11498c 1580883252.0010757 88 
1580883252.3198833 4ab269dcd72927287cf8069776eab2289b9c303f477f3f845fad3391c0005975 1580883252.3203526 88 
1580883253.6242237 f4192a5a530cc6f9aeda2686122b629db0f1efd44033f18f67cb2121a7fd2b63 1580883253.6245692 88 
1580883253.6938791 017f5338e00c4c36cf0374924a8efc9e9a29a03ed381ddb27c4a4759191acf37 1580883253.694229 88 
1580883253.7003832 bc68c8ffc7744483c8eac60fcdb65bf05ac4612a65c90443dc1146ce4009065d 1580883253.700571 88 
1580883253.7300613 70323bdcf9c676af3b5519f19d802de1a5f40b70d48d71bbbe6ac5a1ac67c5b1 1580883253.7304237 88 
1580883253.8294563 f896526cdbca552f1d7bab69b42a280f62baec437abb892016dff79655cad1b4 1580883253.8298485 88 
1580883254.1298482 1b1ef76b4a4f62ba3259ee05e26ca2698470fce9ef5c31fa87d69caaf7d2742c 1580883254.130322 88 
1580883254.1395981 37a2ffb33f0bf5b0796e25b5136fb3c98d72bfb0529a5d57872fa2187a18a035 1580883254.1398237 88 
1580883254.1536806 4738766ae5455d74dfa2acf31ae1400b0b9f6acdc05d242bddfe05b551f1ac5f 1580883254.1538906 88 
1580883254.2413511 1939e3ff44192c82d92f27ebf6d4c9f10f6bab9b5f03f52645a29f9b90b73094 1580883254.2417083 88 
1580883254.5465019 464631f332ca0cd9211ded6b9732e56b668287a31c01b03d1b55fca99b9b393a 1580883254.5468948 88 
1580883254.8450625 1410f2857a19787b4a594aebe4ae9521c979f44c0e09c09cc80c53f694cd6a49 1580883254.845488 88 
1580883255.136373 c9c512a15cf5845d1c418b67f5b4eec76449ff25bcaaadc70a783ccdbb053814 1580883255.1367743 87 
1580883255.4873362 afdd36b73e9cbb780f6ba63e79a03b11faedb840c26ab17e0654d391bebb1d40 1580883255.487961 88 
1580883255.5095263 51f79e9687456d132355b20b1c7dfff4fcb8b3554cac67b3b804b1fda0669988 1580883255.5097961 88 
1580883255.72257 b29d6e09e02382ba0f75ef1905fa3541d29d56b7adc01332f0f225f3bd78be45 1580883255.7229917 86 
1580883255.9784353 d8081a63cf37a913d4e524de10ce91b86228393e07f4950991b8b78c842c5c9e 1580883255.97883 88 
1580883256.0923605 32043428975fe9a2833b3eeafeea20ab595feb5af732d3fb95b0a0cb61345109 1580883256.0927913 88 
1580883256.2874599 732397024187beb7b65244c0431a29a26b00b8031ad1974dd621454e017b6d1e 1580883256.2879946 88 
1580883256.2995722 36c52cf5def325ae8300bdba5e0fd72f1a2ea50217fb3b206150eb1b90f7b608 1580883256.2997897 88 
1580883256.3319173 71276971ed233c4274c8dbeac162443e52437192eb6902e1a671b5f32ebdb764 1580883256.3322332 88 
1580883256.4065764 12e67c6e7f6db9454c64442282c5d8f548d736c91e4775c5ae925392dce95b42 1580883256.4069169 88 
1580883256.8615553 c4b8352749ed8e32d4e0d0a72f657b029200f040de4fd0ca914044b64321c250 1580883256.8620265 88 
1580883256.8886251 633af071aae9169f4d7cfcb08350b262b26d5cf18735c69ad708cac360edeef1 1580883256.8889332 88 
1580883257.0462377 181a6ba85d895344cc4fd0f3332c27dfb9fb02d347381deb0ef12c7d7a40171a 1580883257.04664 88 
1580883257.0959601 04dab8dd14baf7f5e0d707cc266f62c81fe5540bc043ec6e9d9a722b572e28b8 1580883257.0963266 88 
1580883257.151999 0c2611faef94266dc79eec020077ed3829ba270a51aeba598048c3b0d4ee6fad 1580883257.1524913 87 
1580883257.5565448 99206fa16f56c0773180a58fea6ccbd5b809dcb375618e4b294250d60067cb1f 1580883257.5570066 88 
1580883257.656784 69ed3b6f3cd6e40f13a76ddcc6b09d21c0b57fbf90b0d585a4aeaeeb24c4587c 1580883257.6571343 87 
1580883257.6665313 858623fa4d6da0aec4d38a66fd08377de4e4768ede0ca3c9a794d751de5a4afd 1580883257.666775 88 
1580883257.6896825 d9405c5715569feb00a71f00a58ac092d464ff113b476475fdd62e5f67358a59 1580883257.6899886 88 
1580883258.0435612 a10e9cb0ab7242ab25a8022eb876c128e28f397b93cfbe5d87482ac3513259a7 1580883258.044045 88 
1580883258.3426197 9fd72c1d5d1199109a1678c558330aa3da8da0ccacd41f24727c86dee6ec5582 1580883258.343048 88 
1580883259.3287494 e9ec5c58eab820ae3053a642b28d5cd628115237299f6d43369fb64312699ff4 1580883259.3290923 88 
1580883259.4500155 df4ce88b2774daea3e38a8a9fa65450598f73ee82313c69f3f2ea79f25e3e3ee 1580883259.450515 88 
1580883259.690597 c937fb59513be68060717d3ee4ab112722a4e36d3869eb811578eab796995582 1580883259.6909702 87 
1580883260.041805 f39129fd3df14f3874835886e8e1e155dd350e92577bba7d2caf011cc47b335b 1580883260.0422983 87 
1580883260.3749936 9724cabbc529c94d306ca9f653d5180beba7d8e5fce684cee6bb11f9e74ea2e3 1580883260.375446 88 
1580883260.6476388 f37ec88c4290e3c082c3153b2e0923ee1e01d812306ddb3e5807352d8ecbcde5 1580883260.6479926 88 
1580883260.691866 b806086f157e4b8651c448a388dbb63dd89b294fc9dd58833c8710b06f94ec11 1580883260.6922832 87 
1580883260.8789825 f37f3f2f7676f7f425be3f236d1c59c28bbbc9ee717accf74fd070ddf4c12746 1580883260.8797128 88 
1580883260.9911635 dc7ba421b39c9783568ae363afae2d53c695106364d5c83cba8d8c6ce7bbfdb2 1580883260.9918666 88 
1580883261.2800422 f19f2e4be29060334a5459b0379848eed3f144cd76dc1fe02814882166b12938 1580883261.2804236 88 
1580883261.3119586 2eb90e7c93c49c4a5a795351db9fd299d1d5f1e27a1511bd2f26134824888fdd 1580883261.312382 88 
1580883261.6047995 cab505cc7a71f6c692264dbf170e118982aa0b5aa0cfe7b6b5a6e2976f600733 1580883261.6051824 88 
1580883261.6436126 79de0e7f968cce5a1244ddd3af93f3848b4d315ed3e7636d92e58866045e7c67 1580883261.6439674 88 
1580883261.7164402 dd3614d267b28831dd59714320d516a61bbef14af78975da205f08384d299cf4 1580883261.716951 88 
1580883261.7235968 38b6bb61006e2ab03dd762a4b9689381e029fdcd3ee20aa28a976ed627ddd69e 1580883261.72379 88 
1580883262.1877728 600143e1d314b30c8d1983ba42736f48b40ee7231caf07052c4e297c114f3078 1580883262.1881719 88 
1580883262.207223 e66e1cd7fa14339f0f642d50d3abc1e0f965e009ea753701d40c5438f60c3b29 1580883262.2075312 87 
1580883262.3469179 c42990c953e18504e1729ba6459dd575a44407b653052c2ecdcb5dac3964970b 1580883262.3473241 88 
1580883262.5487545 b7954796768bb0d97d989d5412b71e46712415eede922da861932580c9913003 1580883262.5499456 88 
1580883262.92191 137fa058ca038a411f4d873ca967306b3489efa05cad1e8fc87051c3ca407771 1580883262.92234 86 
1580883262.9409175 1bd517d9801cad8f16ac11af7bf969b7937ee99130340d18a9c4e2bf99f64170 1580883262.9412296 88 
1580883262.9986215 74ef9f0fb55d04a63f7a12fb863a4aa5069638c22278ccd0712c0b4619e53e3b 1580883262.9989688 88 
1580883263.0020542 895a3b5277aadc3e7aa5b6e17d8d268695b19deed5be35b89d7bbead3ae986df 1580883263.0022428 88 
1580883263.2423701 8095fcd969d9caaa63566a585be9a07181ce79e264af9a5a36eb2191370886ed 1580883263.2427785 88 
1580883263.3656397 9c7e03e58f9c760e1b587e10ac8dc00422a8d0ce6a59be66397973d9b5f96c21 1580883263.366007 88 
1580883263.5072093 ac4d26d11bb5e1652a718a192812267173310f2275ea37061227999a17cabd46 1580883263.5075924 88 
1580883263.541089 289cffbed4280a7e4f02736881a106f4b11c76cda3661279b1297915e15c2501 1580883263.5415483 87 
1580883263.7150712 638e5e0f8becbed3a2c44743e6bd24d32b81b0e1f6aa53bf97fcc4aace6e9a8b 1580883263.7160628 88 
1580883264.2396247 e751695439ddc68254f0af074c0ed006cfb4d8e92f9660076643e791635ad309 1580883264.239971 88 
1580883264.308565 7fb0e2470446eb94a5ecbc9f07b0c0aa54cfb33411ce915cf5a85d6ed004692a 1580883264.3089762 87 
1580883264.4732816 b3ded431aad764482ce5260e2fe65c79469c167d21275d29141221554fc6f92c 1580883264.4736185 88 
1580883264.5148487 0c57a44988827af27ce9dae3dd84febc350f9c6f25a2bbcb8adb627b40e1f724 1580883264.5152001 88 
1580883264.5839975 b6938a2f2faa4c015472e84d5e178297f865e769df19552ec67ce68f53f200f2 1580883264.5843935 88 
1580883265.239082 cbcf8a3f615fa90cad1506fbeadf652db977fdc18e48db6caa2952fc23124e79 1580883265.2395148 87 
1580883265.3170352 231b2de42993c89e4df26611ac6cc184f2210e2aa53f8d2bbcb8065ac1f101fc 1580883265.3174682 88 
1580883265.5161257 5dbb0e290a5cd2985807b877b3675ddd3a59ff5f36975f03de118a0926f97e2a 1580883265.51646 88 
1580883265.5299761 6207c897ab0e6d0379c9f6e84dc4f7b82a54416ea6141005bcd01b176b2f5390 1580883265.5303383 88 
1580883265.7313933 e2bbb8e73c1388c00609ac854cc0675eb4e3be87c7ad66ef09a947eb243db692 1580883265.7318184 88 
1580883265.7471714 2ddfeeff81452f564aef37e2b9dcbf969c7876cab8c76fa8d7b9be03eea40149 1580883265.747471 88 
1580883265.7569585 b93b1b9ed1f57309059284bf3a8eb58255cf52ae29c1b924775375662aeee3cd 1580883265.757165 88 
1580883265.797175 cac8f36b09f7b9b85425c2e2396388e45cdff2c59446c823f9120d9f7a675c16 1580883265.7983212 87 
1580883265.8823195 09cc73cf98cb511239501d30dcd30f00f634ae9ee6ab82886748dc02e0ba7a76 1580883265.8827055 88 
1580883266.1626785 70809f18a709e1094628726920a1c391da6ea5cd92c59fce339cc99081da0e5e 1580883266.1630647 88 
1580883266.5471542 2aac201060b49b886771df223896612e4a980abbab6cf4ef3b08dcbf8917d593 1580883266.5476053 88 
1580883266.676211 dd0f275c9f8a417240250e92fbcdbcb623e0407dbee45e4ffb6e91a7e3db0c54 1580883266.67656 87 
1580883267.0929964 cd62af2f6142e10082dfffc483a46f0b9f03d1fc4ccb84ec340cc9de522d0f2f 1580883267.0933483 88 
1580883267.1480184 1f88e931b8fac961f5a585a5b7edb4676fa8819dd5e8bc973ac0acbae9a8b222 1580883267.1483684 88 
1580883267.1911378 424eecef606b73a44c44e92b54325b960b04e567f271d389ffd35985bab521e4 1580883267.1915278 88 
1580883267.261501 7590dfeb3db558471444299e9ca04b97fb4079832066544fce133fd2286406f4 1580883267.2618654 87 
1580883267.4055579 7fab4131a385d3f46f581db4391d4940da8a2318514b4dd6468726093f649216 1580883267.4059215 88 
1580883267.7835348 934b5e96b898d86a62b0f1762eac702a9637dbeea5062fb8b9968c595c423ec0 1580883267.7839503 88 
1580883267.9620361 9d78276aa6296f065da6fdfe995588a9fad5db9a7e98cd7683f426d55587820b 1580883267.9624894 88 
1580883268.0611007 d290e050b6536215fcfb51c001fd8ed19ed7891189fa85823cff6904a5ccfe21 1580883268.061443 88 
1580883268.2923262 013575ee6ead00d02d8e88ff4e8f47501fb377e50da22166b05050ad5834fa17 1580883268.292812 88 
1580883268.3914275 1b2014b5663a2c85083e5854c9d0bc24c397c0dd7a2ac22038ff169350f02bb8 1580883268.391795 88 
1580883268.4837427 8004a40d077e5ea8362ff983269688b287abef1ead0d5f9e9ac822058fc769d8 1580883268.4842575 88 
1580883268.5510454 924b222187ae7c4fb9546dcae20d88b02f3ad61c0385d04abdb9de16d30cbfa8 1580883268.5514808 88 
1580883268.8017733 19a3f9ac8bcfed92a7ee8532ec2e59978f824488a2d19130aabaeea5ff2eb16f 1580883268.8021054 88 
1580883269.1486952 6433f529328441fdcbf61c0354525d3e18ca5b86e2b6529ada83d79a24b64e36 1580883269.1490579 88 
1580883269.2916691 06b69e3a1644328b8f3d68656f479d0c51c362eabc56ed0363ac21c67134ed1a 1580883269.2920473 88 
1580883269.3537147 2eead735610ad408eee9a150a92d798930f120ed40d0cdfaa607c424ed32047c 1580883269.3541212 88 
1580883270.4706595 cd1e33df98ccf1f24121c01d1caab7260dc9699cd6fbf3eef0697b1213017122 1580883270.471181 88 
1580883270.6569006 d7cd5b3dd1c038adf8dbf347bf2353fa9f7a42e7f775a209cfce8ebc55075fdd 1580883270.6572475 88 
1580883270.8554819 074227c5a007402488053165ddcd54f06902fed232c7ba43c995e9c3ad0966fa 1580883270.8558826 88 
1580883270.976221 f1c138a9ea81be6ed2e1b8bc3edfbd54bcea9a9b3457bd7a36c03f0d4b221ad2 1580883270.9766092 87 
1580883270.993593 fde9774e43bbc93a4e9f721ae72ad6fcdf701a4e964e9e36cbe77f517dff9fe1 1580883270.9938436 87 
1580883271.051677 edc6fe9de3e6fdc14eed5458069be1618089c55707dfdeeca55bba735f40153f 1580883271.0520663 87 
1580883271.7968047 4ce7e465ff942ecb0f334feeeb682f7d4271922c092472696b5324f91de6d4c9 1580883271.7971363 88 
1580883272.1486945 5ee13f793b970b1bf8f3418ef9a826f0a956226f60cefd8222b514194b6d825a 1580883272.1491838 88 
1580883272.9710658 c57f4e22c902de46b028a37494c4eb246dfb2fd4d4ff92a8001a374d9b8127ea 1580883272.9714286 88 
1580883273.0815675 cbef50657ceadb7b7217478480047f54d4ab06e82430583f82ebb0220b0e9f6d 1580883273.081989 88 
1580883273.138067 d6aa88aa1902d9cba28757d56d025bdd4e51eff6d9f672be389f61ef9b8846a6 1580883273.1384368 87 
1580883273.204397 62fbe484af4f60679a2c132b366ef723e6d08d0ca760c9827de0872927bc4477 1580883273.2048497 87 
1580883273.248229 d5776d25c0582d6a4836ac8fe92cbfe2658320617398b511bef470c5694d0ad6 1580883273.2486296 87 
1580883273.2755191 bec719166937407956a4ede773f6d6c9d1e2c3e2015b8c6edada1608bd6e7b3c 1580883273.275844 88 
1580883273.8391416 0d40797da1a38ab84787b229a7737d1c1bc5160fdabd4754672129e5f642821a 1580883273.8395486 88 
1580883273.9585714 ab9164ccdab6a5cdd48b27bd88f17e48f1396dae1f13b51833130a8cdf73739e 1580883273.958941 88 
1580883273.977798 7ddbefdc735f5140eb79a7083121b52105c9210c756667a9a2bac6cf00cc4a49 1580883273.978064 87 
1580883274.0165079 9d3d2b90d65e955d4a088f171092d37352bd80ce177985136e57b7617e7537b6 1580883274.0168407 88 
1580883274.0953076 aeec757af12a6038491ae2d22e2c7dcbe5b540ddee6c37d5985ea51465bef80d 1580883274.0957024 88 
1580883274.4594975 7c574741ff47535d3bf7bfe5c36d2958c7e9e8a02b4e29dee5b0f2b7e0193dc8 1580883274.4599223 88 
1580883274.615283 9616bd231af954ca01a5687dd3d842dffc9b50ac5e45e659697062e62d07b2e2 1580883274.615752 87 
1580883274.6168847 8ab697cee9c4fbc6177e6ec6d957095e43f28ce6396c44b08509294b3f42ff4a 1580883274.6170626 88 
1580883275.0836468 eff0e2c809f10135fc6b9297650623d962cea81d7e0044a1242d08e4dbca2d59 1580883275.0839949 88 
1580883275.139153 dc95d48e9a91c748f90e5dd5e7ee6cc7b21d8e104eb30b1e836369d9772422d9 1580883275.1394901 87 
1580883275.4725983 130d390e3515582eaf2f36969b52339e566aa664955e342bb6f8857fbff91c56 1580883275.4729497 88 
1580883275.6848185 aa7c81280ac940bfae1b35bfcd2f2bfa374e2f60b5fbb3df37d52929253312b0 1580883275.6852145 88 
1580883275.78828 64c40f04ef0ae22fdac3904d0be603299c7943448c217f9478fa884ff9ea477d 1580883275.788742 86 
1580883275.9531837 909fb18964ec00fabb163fd9bb3ae196109d1a011b6d9f726d73d8627be9e749 1580883275.953666 88 
1580883276.4274755 3629c522a56a88f26609375433e76211e78ba76eecf16b02506d0a442be1dac5 1580883276.427837 88 
1580883276.4364703 8ad38baf92c61a2fd2936273b95dfa6b1919d96b6f1923b4f9e8a0faeea4a5dc 1580883276.4366806 88 
1580883276.6603076 33a1ae63729adf139c8ebee3f6a6b246049e56ed5556023ea94ffbde25c738f8 1580883276.6606624 88 
1580883277.1881537 cd92dfa2c081e3c8a0ecc25fc45c0552715c1753d25409ae83e05bcfe6f63389 1580883277.1885748 88 
1580883277.4834688 01f0e15ec0a58f0f997d5e3e2881c7d115681ee6499bb258723254b235e88aa7 1580883277.4839396 88 
1580883277.5452702 0834f6b32ac2585da3be29a57a5d730b938bc75e87686b7fbf4b802ae7ac9123 1580883277.545695 88 
1580883277.8523033 a8f69b8dcb93b7caf41dc039818c49efdffe1971a4142948e2b60ee9274bb341 1580883277.852775 88 
1580883277.9444973 7c20c131110cc0d568f40661fa6bc5d8c26b47fff801583bc76fa32027f3ab71 1580883277.9449918 88 
1580883278.5733306 f3eee1938765a09f2c8417bc98956efe4c7ce4f70feb83a9332b2d1d71a07898 1580883278.5737233 88 
1580883278.971097 6f4fc952e2e913c1859d7c32cc4d03b4943e1a1f71f25b8d25e4692dc81e0b55 1580883278.9714692 87 
1580883279.0687425 82aa56928907e1fbaee711feb9739ba14b7561746296f8e597b2ff945cfde3c0 1580883279.0691106 88 
1580883279.521406 478cf7aff3e39300fbb3b332196bdd440c4f56c02f5d356a911bd14315c26a56 1580883279.5219119 87 
1580883279.6652708 1c8d03b37c06683052038a89cf3cbb0985214d711e00635e5e52e489265715f1 1580883279.6657488 88 
1580883279.9215772 4c520992983422509a075b233f2cca95bfb18d7dbd83ba222bf7afdcce333eca 1580883279.9220479 88 
1580883280.0018334 d36620c0d10f16eac5e39b0d77516fdae22d0d5cca9efe6e22b3111c96f93dd4 1580883280.0022612 88 
1580883280.0618055 07d41927c80a1f89d1dd33091faa93b044638ef00623385c9ccaf3e990ebb50e 1580883280.06216 88 
1580883280.269785 cd83dab41c19655f6c3a26bfb4213c3683443ad2016142bfb5a2cfa815516341 1580883280.2702281 87 
1580883280.424695 db66b5428cda8355c67fc211fa9b40462b9047c44b2c285b2fb9a2243886fc9c 1580883280.4251716 87 
1580883280.7772365 9bb0dca4c1983820fbc7118b070b15a32915855c97bcb327e970816bf6eafa9d 1580883280.7776074 88 
1580883280.8825262 568531b1f07f6c943ae64c73433d5bff6ebc3c9e38264e86ff0f436afac0476b 1580883280.8829105 88 
1580883281.2138855 2b3c83541669aa0227de5c08f50b6b1835655f87b2b9ca17e7c99eb38a38dc65 1580883281.2142649 88 
1580883281.2550757 3ac16d5bea6fa2b445860014cf22274099bb958cffa1c882e3fd78dc39803ad1 1580883281.25542 88 
1580883281.3257582 fad10c75ba09075ba66cbb0bf0c094311cdb025b7b98015eadde466e24396e6b 1580883281.3261216 88 
1580883281.606741 38b71b894e5a372d66168bba153337d33eea2b1c0f3a40794b3e880f27cd25ad 1580883281.6071148 87 
1580883282.0544407 eb68101c95c9e6ecfae373a477947d2f562303db48b1139796164e504366cf8e 1580883282.0548165 88 
1580883282.7844882 5127124d7c9a986f39c7952ec26fec55d755f78a40a4c61f022645eacfb516df 1580883282.7848723 88 
1580883282.8148859 87872436a21f85654ec5f241a040c3e2cfc15847fce88179c375c12d133cacba 1580883282.8151157 88 
1580883282.9218857 f01a26a62dd02f0efb9ccc930e693556c33424ceac5d1b049473c096eb4944e3 1580883282.922319 88 
1580883283.0626302 07693cd43ba57dd8452d7ad38bed7701cf5f3079d5e6571029d032c290fb4c94 1580883283.0629892 88 
1580883283.2462714 284379946c55a41c397c8ba8a90fa3e78bd4ea09cd799ee1ba99f84089d452a4 1580883283.246752 88 
1580883283.4829712 3b54bb59c12f3eb85185c673dbdffd5dde20167154bd082d50082305b97fabb3 1580883283.4834075 88 
1580883283.5851743 f2361c39a4d5daecf810e765aa29659b785ad6357d08acdd9b47e97af192f31f 1580883283.5855904 88 
1580883283.7050202 795b9b28123a3bc453484d4fc57de7ddaff709a6e5a4daf5dd8961c4a33eeddb 1580883283.7055602 88 
1580883283.8233778 7dc5ba8dbfba3bc9d5593d94d6a4fcc541b10136dfb8ffc565d21a11a3ed29e4 1580883283.8238158 88 
1580883284.1812155 36dab3c8abb6bc0f20cf587f46b2365b08095522235e7e7240b48f8f1ddfd7ea 1580883284.181562 88 
1580883284.218285 422516b969e6b26008a273336b66fdcffcc0bb23aa94e522b8bea5cd24bd2f35 1580883284.2187438 87 
1580883284.2823956 891b70ffbb343ff828352ea093ad8612e9cfe8f5ea6081ed38329d2df152f771 1580883284.2827876 88 
1580883284.3744495 c3ecf26e9679087fef7d802380f292c3b36c6ad30b2519abc550b8842b4c8f9d 1580883284.37487 88 
1580883284.6436675 0bf6a8171bb701996ef32637d5baaff5661a55cbe2ae71192c1d08dd42287061 1580883284.6440284 88 
1580883284.8792071 db1c886832653a9ba8b30fc49ad1426aefaecf05b72350afeae9185237f761fe 1580883284.8797057 88 
1580883284.8811545 3cbfc79be45497c054f704ceac09f1b7743dc520daa299a16f55cfff2b88b26f 1580883284.8813596 88 
1580883284.9106076 59f739f352cafed5f6f408902c21549269f9b34abe32520cdc7ebc5b4ad1b1b6 1580883284.9110963 88 
1580883284.9227884 ebc8cdf6a8cd7273828fdcf3bde6587844de9265920808fa9185c1352cf6dda4 1580883284.9231622 88 
1580883285.0282686 ef7fd9aea09acd10ac9a611edc70946b371a8cf593d221a5778bb67a1b61b538 1580883285.0286393 88 
1580883285.159282 a407cd45c3dbaca65d8767e07d527e00fe7ee69ad7dddedf24bb10730898234a 1580883285.1596637 87 
1580883285.2451203 403fe593c2833964000e3104072304696d4faeb59baeda39f1d19455ad5fb28b 1580883285.245477 88 
1580883285.2489035 533319e22eb51cd387ae778e3684a0b5005972d8cfd4029c78bd87283886c28f 1580883285.2491 88 
1580883285.3088725 73da03cc555bae450b5bf0629a4b39afacafd7c2d7480b57d664d15b1b8a04cf 1580883285.3093448 88 
1580883285.4518864 ee49e388425a964b9b19bc912d0aaaabdbe4de862906bf7998fb8b70f26ff99f 1580883285.4523516 88 
1580883285.571229 15fb0d69e4ef3ffddb9003550c4ec78bceeba9310a654eb99324293e99be0313 1580883285.5715783 87 
1580883285.5771072 3244ae18266045f8cd7941b6672c275514f4e8fb8df7a38df6babe998cde1a89 1580883285.5773149 88 
1580883285.7451804 cce2349ffca4aaaf7eceecabc24ca04f51bd80414f31b79ab20151a6740ccff9 1580883285.7459342 88 
1580883285.8685243 3693b57738507dd89ad33c39b8c6f7eabd6267371a4d1b4adf1a965e84322526 1580883285.8689163 88 
1580883285.9286144 f5cc8d11d01ba3349631d6ad85f1fac72ed308dd5613f16ae36ced09a18259fc 1580883285.929032 88 
1580883286.0066624 0a52d5eea91af28d149f41feb94f75c5b386271cc4f1028d61a54541c5247b05 1580883286.007088 88 
1580883286.0582573 f54da8b11aa381a468f3eb6df3877b47959616d24b7f11240f9d02bbdf4221b4 1580883286.0587018 88 
1580883286.5186973 ed27d068d0024171e1e2c07c83945532308439bf23d367fca603d3594a43d9c6 1580883286.5191925 88 
1580883286.6223207 ea79c078257021b936a82588d078571a9a8e9c5de0fd6266f55554fe8b7cf859 1580883286.6226735 88 
1580883287.0767317 311e89f2c92c554f6b7760ff444fc46e190a780913748dac447afa83a9340b54 1580883287.0771184 88 
1580883287.701862 380fb818a842287f112981ff66e7238fe39bbff786f6bbb4c148897122e32107 1580883287.7023242 87 
1580883287.8583395 fec65b16086c10a22e331313508c393b68c311a16549c432c94d4c720bac5820 1580883287.8586833 88 
1580883287.958232 84a3b0e820ca209e1609b043f4caa2829db27c4460228cc343fd21d2393893d2 1580883287.9585955 87 
1580883288.1286297 4a0d3773740d2aa2b55777fc3c645994fb45e2984e212ccde78e03e7e72845de 1580883288.1290622 88 
1580883288.4841847 3f1f61397331768745cafe7df7e5e19df62b64fbad50329ec6eadd212550b7c3 1580883288.4846947 88 
1580883288.9184835 d831a7d00a40b213659f4bc37cd3341fff5b3a81012127fd781767a8331e10b9 1580883288.9189656 88 
1580883288.9478843 b274cb638c314a852d8c8d77b70aa5d95b79ac2e44b578735daba347f55acb34 1580883288.9482505 88 
1580883289.148293 4702084ac0ae7a7e953ce34d1f0a1071eced11ad5d7e24b6b548d4f6527b2616 1580883289.148658 87 
1580883289.2609274 155abddfb849fed44e21b5a4ec14a4f21a17c3b4fb13e729b993262668325702 1580883289.2613823 88 
1580883289.4066536 6702b1e8835f6d2c071fe214d1fead6eb60e6da00562ae68335389244d7cdde3 1580883289.407089 88 
1580883289.4260147 dc465d23975be2df679e09ac1bebfd8429406aeedb446463f65c5bd4805cb19d 1580883289.4262738 88 
1580883289.7189264 c46800edd5b30139d05533030e2ac04ae1bfa64bab5abf54bb519e35a9836d48 1580883289.719402 88 
1580883289.7342389 5db35771a9e0addefa41e33802ab65050ade7b26b282fbdeab940373a2786377 1580883289.7345934 88 
1580883289.9218884 9e3e06194fdb326d6b0988662759ed0f52c2228423859ead239ee5afa3e8d8bd 1580883289.9222646 88 
1580883290.012163 8d235ab38c8f172cc6affe2b1cf820e73a15828fcb5b0972d91498324db08c56 1580883290.0126305 87 
1580883290.3450499 4b6b309fa0878ac31b6d3817d03756aa939aeaa93be0578d23fd703de38d38c9 1580883290.3454254 88 
1580883290.372134 47b0befdc7ebfacc5e4a74046703d948a99c35bbb0162d09620fee5aeef9080a 1580883290.3724551 87 
1580883290.4684246 b908fd511f4eba5fed192bd821b5ad7a781e73138f2661fb6cdee3002bc0c734 1580883290.469118 88 
1580883290.5232759 9f7b8c65e5d372d18ece681653cdbb6aa0049eddc127d13c3c404a107e508be0 1580883290.5236266 88 
1580883290.5287654 20fb030eacf01c097cbe2c54cc2d7747163d73e25aaf59c9aab398802e613438 1580883290.5289469 88 
1580883290.606798 0df23c8d179a22767f8706054ca693dae35e72de96c7baea537ed0c4ee64eb59 1580883290.6071498 87 
1580883291.151718 e08fc5dd5d8ee202a9c59e956e9c612055ab4ee7b7dfba25168518ab34a2c33f 1580883291.152187 87 
1580883291.2939036 d52f218dbb1b44f437a33a13270d6ca102b993028d75cfa5baba99e1bc0dad94 1580883291.2944376 88 
1580883291.4460702 10cc23b456645005e2f5ee8fed17a8164e017d25c5288a47daf6899359aa749c 1580883291.4464593 88 
1580883291.4539785 833bdbf9d7a35241062c670fff387ec034ea230bbb378a96e23406cedbbe0cd5 1580883291.4541795 88 
1580883291.6035717 eee9ada6f91832e4465b0f994cdd6ad5d9840f709303b0acba7b7e582ca419bf 1580883291.604038 88 
1580883291.9803302 fe51e9490572db54fa723b0508f48aa1e21fa892b9c90a55fce9bf713b081f5d 1580883291.9807181 88 
1580883291.9940937 0a6a6ee1220800cb05094c496868f911e86b827349cffa28903e943acb46b926 1580883291.9942951 88 
1580883292.1376526 453505248d111cf9b51da2099b23226e60815d206018bdf1d56b4f4071295cf6 1580883292.13799 88 
1580883292.2528853 51d84ce07c6f14ac655b0fa154ae7285ab11d402db5278edfa9fe53ed07c4bee 1580883292.2532916 88 
1580883292.5000765 3b7a639e621018036bd8a00b8e12fe23a7d1c439ff83acb28bc18296a2bfb499 1580883292.500556 88 
1580883292.5103695 1e4c116d8a09f85705f8e92b39b79a83281cb839e5882d5366ad4c122816b4d7 1580883292.510711 88 
1580883292.538351 4570ab358ab0ae3c9dd6065cb59e81b019434abcc4b8fcd0e3002ff03cff6e6f 1580883292.5387015 87 
1580883292.9477663 d75289fb8a433ab824b5132aaeca2733638a28aff7b6dd8f43392e8feec14e26 1580883292.9482448 88 
1580883293.4250631 63a48d0111bb7a8ac427d66148d62dbb1f461420988c3977398dac41336d174a 1580883293.425428 88 
1580883293.4344323 68bf0f15ce5899f75554a19590e947e792fa6c8d7d365e3ba1ca1b36c62fd6ae 1580883293.434611 88 
1580883293.6129584 266efc7b3ed1f307b51fc02a39b2870145e793fc70a0fb0904d408a448addf5c 1580883293.613297 88 
1580883293.6277473 42bd43480e542b5a1dad589407aa642733979f1fa861a136f08d9a947bc019b5 1580883293.627966 88 
1580883293.6304247 e0ef0d32660cfda7395d6ea7658c76ed39de40819a4774688419c197bfd109e5 1580883293.6306028 88 
1580883293.6894238 9f27ac3ddaf8cfe9216ca3f314318897cd16bfa40795e8296825ce315e067be3 1580883293.6898313 88 
1580883293.8797367 f8948cdb711f75cf2debbb5cf58bb72bd7da3a3b0c9872c6538a3992a48a5616 1580883293.8802347 88 
1580883294.1315665 f0baa36ac78949b10421430671559aaf43d65d225bc28140a1d043e819acddf2 1580883294.131945 88 
1580883294.5801651 ef6fa419e7293d2fc985c0e19de067f808041526d2f7a82058c9eeb73297ad81 1580883294.5805264 88 
1580883294.6372008 5cd21f99ac43fc0d8bf73c9e5130c4c5160b6c5dcd35907472e0361ab5c67bf9 1580883294.6376193 88 
1580883294.7007174 be4e582215836eb4d4ae78c9961fcdce6fa7509a0e8fdf755df2e84b733ffd05 1580883294.7010956 88 
1580883294.7566974 71d8cf32596f66c140927af90d11be5e06b0b12bd1ea0b13f41ca759040685a0 1580883294.7570927 88 
1580883295.0761356 4755a778531bb0c94c2ae63e1b0bc65e5b5bd8868bb6f3f7100b3e6b24ba4ee0 1580883295.0765092 88 
1580883295.5418684 aedb12a85a4a3533f31fceeec4c31ba6f1bd5d222c98556f397966cb3338e65e 1580883295.5422544 88 
1580883295.5534575 81d944c2c067f05cbd1c56e8f272c2dbe9c6046d94f1b4ad628ba5f69511b98c 1580883295.5536566 88 
1580883295.851464 3024a00f5eadd817425ff0dd6560df4c35b4cf217ffb715192cc277e5c1a20fd 1580883295.852009 87 
1580883295.9732056 30853b28f9709798d8d7a87220f62db17eb4f0c979088b557815a2bec89d7371 1580883295.973593 88 
1580883296.4581132 75836770c4a0c8021213987577218bcb9300a975f0917184af98f6c1eb6cf998 1580883296.458567 88 
1580883296.5121496 9f5b3b3e41261680a632d9cc3db86209f62f1b06820e6c8cf5c14944d81b3ccc 1580883296.5125253 88 
1580883296.6132472 4a3a2712e86be41096ef531cee27b9a2b00a0586c432e8fd6596dbf0fac53fe6 1580883296.6136754 88 
1580883296.7756963 cebdd2b520b16f8d3911962a0b7354d6991eae8c838f92e2bce0917a5c6c95e7 1580883296.7760735 88 
1580883296.872435 5f02c118cfa8c2c4e74f010cd6624fc86cb6f6a8fb9d38f9412bf09662b1fd55 1580883296.8728158 87 
1580883297.0630934 7caf5682a94e3f57042dc57b65abf9ef9adff30020fb4d9897dc1193fd14da11 1580883297.0634544 88 
1580883297.0828304 7911749f0624b220ecd17fe96dcd73250c9ab63c74c97b2a353ebd1405c63ebd 1580883297.0831378 88 
1580883297.337799 ae0be0d36848d6b60b3a01a05be6f303dce0fdaeabf64d8a022d36bf8588cf96 1580883297.338183 87 
1580883297.5688107 660590221db7d8b9a196f1d4589a92f449967b6e1e4a9a4f7e6304fd963122e6 1580883297.5692515 88 
1580883297.7548087 56fb009dcc2abbbf348e689f0b0f5a92017aefa63f249d813555efdfb398e96e 1580883297.755171 88 
1580883297.8167455 44280260ac7ac3558660ced6d1a7f6e36f3e4d54057593c7b89ee0ce3ef836fd 1580883297.8171191 88 
1580883298.1252668 9cc9d77975d23e81a75ca516f3645fd1c822809847236750b138f04c3f51fa46 1580883298.1257167 88 
1580883298.6066794 5c5e295652851366b2e62bba0217d1df5f86bf6dd5a8419e92289a31476ce05d 1580883298.607048 88 
1580883298.7785575 e79448148b4ee604f42b301da0873fa5ff39c47774b3b2adc28c0c7320282540 1580883298.7789338 88 
1580883298.8921697 5c13b7748e72a0c0aaf51d679582b0007c35d257a89e02f88fe96e35a7722eaa 1580883298.8925679 88 
1580883299.0033529 dcfacd656bd67a4c742f2592c45ad0f7b8ae4c7a1e057aff2cc42b892e25fe6d 1580883299.0037374 88 
1580883299.0610561 b25d523ec3d1200c9a4fcc3e1b1dbe09ae683ffdca162a4a6844dc4f1bcfdb74 1580883299.0614767 88 
1580883299.1612234 2e3ce8c778f73b9682c5415d42ba8fd1145be88ecb4e11e700aea988a70e1b63 1580883299.1616113 88 
1580883299.2171438 b97793598c750a0ccb796e5218098c8759879b832ed869f59b00088a2dddeccc 1580883299.2175941 88 
1580883299.218244 53b94caf5c8f79868047661f5777250fd78f6c50fda10e54c89450b2f528056d 1580883299.2184517 87 
1580883299.2566319 a053481112082b7f9b3e28f3f1ebc6e696be4dba6a08cb488e27b2ac9f315978 1580883299.2570138 88 
1580883299.3319788 45561466ed2f79d469c42963d9d048ecde7bc257985e94bd0f1e2491d4faa3ba 1580883299.3323565 88 
1580883299.5471237 5ee527a146309f89891cb6e3e3c360af290008f837bcb9a46a3f2c4a8a544f7d 1580883299.5474966 88 
1580883299.64995 f182feadf87c4dbff4c1a5458bdabff97843dffc3fea33b1ad9c76204ed08b3a 1580883299.6504304 86 
1580883299.665063 d0753673a689e855b1610e637c31f55ae05d5ba8ab78a53c85a60567cc2538cd 1580883299.665347 87 
1580883299.77047 c9f6fec1c2d711d671eae2c72ccebbc1f0167c678bebc0fb071a8ed97cf51442 1580883299.770925 86 
1580883299.7774053 eaf1b8b723ec852b13c33d00a4df66475b0b5f1db6bb206fb30a7e9e71539669 1580883299.7777307 88 
1580883300.0572655 d416ca8203f0d7e5a2edd23d450c3429563d44f5769c126b315368da050c8f5b 1580883300.0576642 88 
1580883300.2251406 76d36339e3fc61b64ac24d31d2176d209929f41d01d28e2a18e6ec85ca803dac 1580883300.225485 88 
1580883300.415864 487a2cff4400f1a77d35bbbb09e0b3cccd8f10b6c1c09fa6978d7ac345f8b452 1580883300.4162688 87 
1580883300.4378 3305ecf7f49b554a21c896d83505b2001b6fcecc8d88c2786172380b70deb677 1580883300.4381762 85 
1580883300.6481037 43473d140649804dd0e7bccffc84c33b90aeef2d1f639b032324a44188091183 1580883300.6485088 88 
1580883300.6570885 cb33781449b8e615c5da23eef5f68b8d67d68bbeccf167ea82db17276c31528a 1580883300.6572785 88 
1580883300.807626 40be7ef7165f288c90245790065a434b8fed1dd4eb574fa3e9c2af473954ed05 1580883300.8080318 87 
1580883301.1306827 06febf2a875392f475656e8054beaa9e6f1e10a5ab34e334fd023a780f2ffa06 1580883301.1311815 88 
1580883301.4957497 46613bd69051c43eb04325945c1724ea071bc78024f18bc9f82902537b6d4296 1580883301.4961326 88 
1580883301.6150894 597d08a848e6cbcb0d5bb2ad30b19b6514294a84cb4ebdf4c879ca9bfaeab30d 1580883301.6154406 88 
1580883301.8777063 31c92b0e511e692c518800fa1630a1004074ac92b63e77c4dc2a48ef78ef103d 1580883301.8781915 88 
1580883302.0009956 04ed34c03592f0c4adc71460c1eb619e56510b4badb5d36e41efa2470b91441b 1580883302.0014002 88 
1580883302.5386088 490014258228571e865eaaa0d8583b4e546d61f9c4e0459be0d081a8189a22c6 1580883302.5391035 88 
1580883302.7743936 fd711b3145ede137b2b7e2602aaa8c975c08680775f7327d300fd808e50e8d2b 1580883302.774902 88 
1580883302.8272958 73cf243c2689b3be93f7c8b7eea4836ce70958f59e2cf07f37d2f95a8b1728e1 1580883302.827699 88 
1580883302.874816 51474056e2886b8b78b2ed42c7c6e1bd4d068edcd5cadfe1818da7380403d347 1580883302.875336 87 
1580883303.2958755 c7786e327809fa7eb83dc6de8bb162d66ce4193a4913b15d0a0146885b5b02a8 1580883303.2963276 88 
1580883303.5003157 9984423c83f7be45931b4b0a9f1f86bcc21e71944b2acb5a29581eb6e1af9d06 1580883303.5008123 88 
1580883303.5301793 917c99903366584e01433c2c5b0e7aff964ca472b0003577dd597661f60c3c8d 1580883303.5305316 88 
1580883303.6208432 2ec905b7c29d7c890ae4f18305c9bf1347a81a08717a93701c19f6c7d7918011 1580883303.6212065 88 
1580883303.7354374 3b9ca1b01d041a8bbb8530e1276c3deb57a4f8ae52a6a2a8380061d5f1cbc03c 1580883303.735927 88 
1580883303.8685563 0c7812a36abe1755f6acc3b41fa19e3758bfc18cdd735218a3fdf052879b1463 1580883303.869057 88 
1580883304.107894 77316522cbfd98a83959439e1ebc40df51e97f925fa3a6610bdd6dc3284753a8 1580883304.1082993 87 
1580883304.4675481 629e94f1fac8d53d15cd99564d2c77773e29e491df651d860bfec7363cee96ee 1580883304.4679408 88 
1580883304.511514 5c3a57b12d1cf69e7fcd16920c12ad0c4586040fb5c0f97371a7bd3e078fbd5c 1580883304.511859 87 
1580883304.5329378 0f92ea1ef2951e5b574056a7f0d3cb84b33823662a5c822dd4543a368092562f 1580883304.5338128 88 
1580883304.7829719 ef356854f2db8dda80046220221efcec6f0cacd41fb2451d4d0f94a3edd5ba88 1580883304.7833335 88 
1580883304.9700084 5e53c86f322b6f51c6dbb985dadbfd69b66e4ce76601120b6ac10e45d36e3f35 1580883304.9703975 88 
1580883305.1167 6b6339318c7a855fda21238676dd761c569795d7e7516e369957f7ab8c62ee6e 1580883305.1170862 85 
1580883305.123484 f22617dd6d7d0b3597f18685e72da0f60bb5c97807b5a27b2a437c4d1d13ed51 1580883305.1237144 87 
1580883305.157739 9fe51f5c230e2d893d86124fff9441ace66771f2b82e72795aa469286a31a725 1580883305.1581104 87 
1580883305.559828 398b1b9c26efe0b0061b44451fb33866d8d23e25d253ff9817c0f0c6ea271908 1580883305.560338 87 
1580883305.751912 40abe7a584625503cc285eaa22a671522110ec41d948f0839a604d5c1b4126ae 1580883305.7522945 87 
1580883305.8486094 7d77bb3fb0a6572fb1e4ae165285f504855e7bdeb748200e065438dc9d82ce27 1580883305.8490112 88 
1580883305.8733017 3596bb4b85f6bd1df9d46f55ee57df0fbc6cdb809d6ea345b81a32cb9e4eb304 1580883305.8737454 88 
1580883305.9220402 310a2c9456f70b11b132aac24f9cd3ab30231de3653c9fff04174abab5dcd76a 1580883305.922414 88 
1580883306.1294467 6297dfaf93b6757ae840d4352b3db791f2d8162196bd83ff27623dee9cb82fe0 1580883306.1299586 88 
1580883306.144901 7adc8fd2c35b7db45e9cba9ac55811d7d0cb09c7cd373a0bd1c502a952dc5fe3 1580883306.145113 87 
1580883306.2414362 c8cb6b2bbb6e8581a2342ed5991f51c04d74c667a7ce67f7553654aad93faa71 1580883306.2418444 88 
1580883306.6985524 db5916b94b35e4aa756bb134663d1ba859b51c52b681fa2b74063bfefeda2b3e 1580883306.6990576 88 
1580883307.124302 a3702cfab0541f39d4c7800b9af81e37f51afa528d582fc3a5afa611d0d293a3 1580883307.1247175 87 
1580883307.2338681 b1afdea0f25870ff6858f325c337ade21d54d17948551e281a53608546292a72 1580883307.2342346 88 
1580883307.2778666 27c17601df39bac4ad2d0670d3ba82068b07f1e7c982705ca36ee53816b9fa71 1580883307.2782269 88 
1580883308.1383493 7fa4511cd7462349e0a0d0f5c858dbefdf58f455e84b84cbdb9d4136fd34f062 1580883308.1388357 88 
1580883308.699696 411b2b6bf2ceefc2cb499f6997846a9d195255756949212758c875fb2bff10c8 1580883308.7005038 87 
1580883309.1017208 d123782721cfb3d83738a6d8c406571ac0c8208b45ade89136bf7c764a938c61 1580883309.1021495 88 
1580883309.1373389 a0801ccf333d2cef58e08ca55f46a521d949b812309fd3536a6c151a12b3fd65 1580883309.137742 88 
1580883309.3613415 b8039583dacc3423fc51b3eb206bb2b5d565f6ac5acdfff4f56adc6479703876 1580883309.3617108 88 
1580883309.4121232 24efcb545abde619fab13296c8496bb0e461ad9e44a1bf7bfdc0c0848fba331a 1580883309.4124587 88 
1580883309.4130032 20190109d3f140824c5fddef3867e000cd7d92be8bbf82786d6a3153b9efef3c 1580883309.4132013 88 
1580883309.4711976 d9d547795744fd3b14734e25592d4573ec17557274da70aed1079ad9ce3c72b0 1580883309.4715486 88 
1580883309.8111167 c56acc0bb3ffbcb21b3827701a235ab1f748ca4f0d417df33069980445f40fe5 1580883309.8115745 88 
1580883309.9648857 d9ac8a00862558fff766592f16210b60c6ea5189dbfbf04efc157b0dedcd098d 1580883309.965282 88 
1580883310.3175633 7296beaf4eec74ae94d16a2a18f068a7e5dc40d5b64fc6108fe391258bd4c910 1580883310.3180904 88 
1580883310.5958765 a6c6a4eb80166a2e0762337ed16fb08d8b1fd1b5ded49f5fec1cdd25b142442a 1580883310.5963511 88 
1580883311.0342987 c82e8b2d614ea8cec6ffff8b37a2db2aa9f05f767ea9167cd3fee403dc0c8157 1580883311.0348036 88 
1580883311.0862274 2b494c289aa9ad3b4219b118e1406b0ae5b2d8098a937515c61fc36a412f4610 1580883311.0865893 88 
1580883311.1032412 3ba6a0d547f7fb9e035d981f03b9119123273a189b853e71a904568d9b672575 1580883311.1035557 88 
1580883311.1968586 a4e088393096fb9058f0fc48ef92953c75a551faa37e31bea304234db13b73ae 1580883311.197265 88 
1580883311.2276819 dc472743ab7850186ad1072857ae917df77dc86efe86f1202b5183804065a22e 1580883311.2280347 88 
1580883311.7634895 6144b4d8d9454022667fcacc441d951260c69eb52cfae0899e6fcfeafe319718 1580883311.7639477 88 
1580883311.9326851 8dfb77d88d44a3b7f2d19fe0a3c521a409dbacfae05921f14ae7fda15bb3df92 1580883311.933151 88 
1580883312.105861 ea51295853767fcdd2a4fe08b838e0fe21715adbd7ba148785018918c864548c 1580883312.106303 87 
1580883312.4656067 072ddf134cc3a6f51ba4b038de5566ce7f1904af90b185dd2ab37a14c810f78a 1580883312.4662657 88 
1580883312.5584743 4cc525b64c824a2811f24ff58667ccf23404fb93e1eb955058e2f4084b683d58 1580883312.5588567 88 
1580883312.7304575 1e5872a9986d3b49875f074c567d0ee348970085afc827c230c9d45927c1b089 1580883312.7308426 88 
1580883313.2233121 b8e69cbbc467454f0da67aed3f5518f96abf58a0436e15f3fbf15c7e0b2ebe2e 1580883313.2237868 88 
1580883313.3488257 8e8782d5517c15403be4e3763c5de35826021f6afbcfe06a7da023306b2c465e 1580883313.349324 88 
1580883313.3877044 4eba5daf06044cb149203e22e2cb40aec9a749cee85189bccc448b2f29366778 1580883313.388055 88 
1580883313.5985432 63788dee2c838634489aa7aefd7ea0eef152450b09bcc90b1806a2167df75e45 1580883313.5990252 88 
1580883313.649067 ee7ddd345b27872d738efe36c0684fd1ae7b23aa0d7f79c317d59e779c17aa15 1580883313.6495214 87 
1580883313.7815058 54439e746c1e12004dc3a7697671e82b8d3c25a5edc3020eb22e3b8f59119707 1580883313.7819147 88 
1580883313.811885 1bac25f6fcbcac22573114e22d4edf21726611036e0f34ddd568ef3839e2988b 1580883313.8121364 87 
1580883313.8446105 4f9106da49f90ce258cd08529969ad6669830b91254915c12bdd02ff266cc2cc 1580883313.844911 88 
1580883313.9037132 50095085e06f9ea63c8ca897b0ec5dc5c5faec0c64b7b15f6122e9abaa24a74f 1580883313.9042041 88 
1580883314.0708454 51cfb4ae1636ccf5e23d3c085f2d0c1ff2a84d9780504094f7286f32202e8922 1580883314.0713236 88 
1580883314.3818588 9862169491e09be167f655ff8b8beb66dd7078c80584d35253b3a6bcec033be4 1580883314.3857722 88 
1580883314.389711 3fda3b2fa869b5d5d0e463038b1c8bdbe2fcef7d454e2135eed1be54128c0638 1580883314.3899202 87 
1580883314.4470057 c0ec38971cdbdb89fc209995f8d86fcb0d8d02b485f645282b5f4a68ca0acf8a 1580883314.4474423 88 
1580883314.6082637 7c90264da86cfdd093c5fb56caf02bd5fc231b5f87e409c2a033d683202f3f32 1580883314.6086836 88 
1580883314.7598658 7f1361ffeb8c0f4fafc1a3de75341ac88b32ca6d801bdcc0df67fe949f66621c 1580883314.7602315 88 
1580883315.1246924 b9f1c9b38e555640bd96e0d35e62910f77127d2ec36c25e6b8d7c1cfb37a21fc 1580883315.125304 88 
1580883315.2173822 420307892dde56cca6e7a89a08ef1bc0b4e88466598e449f3a5686bdfa945ae6 1580883315.217804 88 
1580883315.29923 0e32fb9563dedfccd5e9f058a9b36b6ed8d8ebf41e87c4620f81054a4b61c6df 1580883315.299786 86 
1580883315.5423973 2c23317d110a86fcdb0d2db2a123d0ff7cd399679736fe74a6d4b33e9a131c84 1580883315.5427802 88 
1580883316.160225 ba092da420ff1287a31cc1d008eb1a2e0a08280d017340d0c319b767199b19ae 1580883316.1605856 87 
1580883316.335558 46986998bdee4fa83af0634b4d3a52a445d91803ca11369cd776fcca6226a585 1580883316.335945 87 
1580883316.4130998 35060f8ca9cdb50a8b20bd71a7110033c6b29ef62775e8eb5b8fd1378c4d3984 1580883316.4136906 88 
1580883316.4201202 41e3feab1af53c57c0f25428645f85cbb7fb2ba14c8db6e6377b87e83a096c9c 1580883316.4206815 88 
1580883316.4826488 84d656cbf01df96e17ff231055eb18e2b11995bca2dfae5c41852be549f16fa7 1580883316.4837632 88 
1580883316.5082703 4fc7bc9d39607bf12f807d92564d857d90fbbe1596b7f72f8686dbf80eb60320 1580883316.508765 88 
1580883316.5751686 96bbd6e015fcd342daebadaac1cfa9fd163febeb34969a2ae8379b0e768bb446 1580883316.5755591 88 
1580883316.7041812 9c67829b006b1ad10d1dadd9d569f8826c4e07ddf770e1fdd5a5040d1d86d4cb 1580883316.7046316 88 
1580883317.0047019 e0722c5cfdc21e1bba83bdc7aa075d8313c17aa07c509f45433c7c413f50c7bd 1580883317.0051467 88 
1580883317.0557463 bddc9b54d5c416ac70b5f5cc1ab54e33369c47634b05a0b488ca10749a2442b4 1580883317.0561883 88 
1580883317.1571758 2c7218cd5619f826d855a3d27c79dd46e37accafc8861866cc686d13a6933c8c 1580883317.157569 88 
1580883317.5062225 30041e80359e35e83ba88d3d792e43e3ba3c30e3e2ed2e36de157d0c0256a6cf 1580883317.5067704 88 
1580883317.5183647 7f606b2584e607a9efabd7d6b2a7616d667f439c551dbdfa8480426c0418ccb5 1580883317.5187936 88 
1580883317.5283597 f39318b5d5ffc7cd7bc203a2a0321250b98568fc19aec860fd02bb98ff5503e6 1580883317.5286942 88 
1580883317.5333986 bf1664a85ecbfa303f1c3efde567123ae628362b685446d535a384008232ab4f 1580883317.5336468 88 
1580883317.5939224 4f343ea04be8c3e3613d9f4b20c8c6286ea7290189075f760df2995ed154a5d5 1580883317.5943124 88 
1580883317.6914518 1cf87ac498c7f67cd37cacb3a81df340659272e1cb69571dd337b3747d42b364 1580883317.6919274 88 
1580883317.7096097 27f4650aab06725cb8a3924ebd6ef7bf3b9126ce09470dc412b20a78763250a2 1580883317.7099612 88 
1580883318.141602 078ed063765aaecfc0c3b2aa60c67e13ea66624fad9932e3d54c260e04fc7440 1580883318.1421256 87 
1580883318.2973154 d577aa78fbbd73a91bc79bc298ac82f8c9a138d0d902eed167f952e1f9a00bfc 1580883318.2978091 88 
1580883319.2647157 62804b3ae4bafd0b3816ca99cc14e38ad29f2570a292941d4650bcde068f2253 1580883319.265242 88 
1580883319.6351619 3dbbc62faeb7544faa31af4ed6f67d749924608ca25f60af657e02fff9e61a52 1580883319.635602 88 
1580883319.6673539 245fac1dd8aa686037fe3ecf413fcf2d74282c2630a3ed1cf0696dab46001ab5 1580883319.6677072 88 
1580883319.8056078 2683ff483226d4096677d21a7eb5efe6727aa6173a9650710e127ab6c2e84874 1580883319.806039 88 
1580883319.8255227 3035c380db413b4aeca4f3df0c467b0c595cc9e1bf0c56da66c4ea94849f254d 1580883319.8257606 88 
1580883319.985229 f89ee94abd5cb671584ed7509691ddb1c9443f8f22e3097421f30182e2ab05d6 1580883319.9856014 87 
1580883320.0689476 58694f407da2cee3005d898ad711306fad5334be6b88d14c6c86b48410890c2d 1580883320.0693274 88 
1580883320.2508042 b2efa91a9aa02dc049dbcaa2bdca5a5b8939a03cade7289d4cb2c0014d98de82 1580883320.2511716 88 
1580883320.2838392 fe62b164921437de6fe88e6edcb4a70a98bbb22a6947ea2b96bb9c949b7f7ac1 1580883320.2841449 88 
1580883320.5706017 bf9b96a8cad6e81aaaa21cdf2b9c993bcd7a02e70d5f1138d577cdf364a2d24c 1580883320.5710003 88 
1580883321.3718786 db7305837e30292cfaebfe27d92ff56beba279a90e145f1e9bc1bea9a99ba577 1580883321.3722634 88 
1580883321.565084 26ad46cbfbcf5beff2b5fba41f37c4bf0eba66874813b262bb8d7cc192b5e17c 1580883321.5654263 87 
1580883321.7420104 d1261ae1ccb2a1ff6880f8429749eeb607da6691b6c60be597dbd86c00723739 1580883321.742506 88 
1580883322.0713775 eb412d420781a8530dd0543363bc5ec9461a01095e616b5939b855a9c6e56313 1580883322.0717576 88 
1580883322.3135002 910bee8404ac869c0e4512c9a96cfa1d769b5e778c2e86301fce79a90fc79f74 1580883322.3139338 88 
1580883322.678625 693a68e1cefdaf918b4c1c1eb8e368182bbd3ae7942ffccbe77bef8f15969348 1580883322.6790545 87 
1580883322.6950824 8bb4e61897e60c957a9d7d9b48367c0132b9cc80d633af87cd95c1df11cdd084 1580883322.6953018 88 
1580883322.7160769 995431f7ebfa0b3d8fdb70abad52935f4043c6b51d2643d34aec51a1fc2c3600 1580883322.7164357 88 
1580883322.7650287 f93fc25129d16d825486962c1962c01c1248dd911200b73bc126523439cbb3c0 1580883322.7655303 88 
1580883322.8383703 a1b76950aa8ab0ca9f50995c73882f87bae61389aaf2c470349771f320f840e0 1580883322.838734 88 
1580883322.9393513 f41ed839fc9de71ad31428a2e56a5e60f4bc63a2eabd00aeee789de7bc16182d 1580883322.9398189 88 
1580883323.2009118 76692a280ee9395fcbf717a21f56e9e8cc83672c170f6097f92a037635496c07 1580883323.201254 88 
1580883323.5282862 5f773af41f727712a0a3616a78409d673cc05dcfb1f7fa7e191fca5fcfff9b79 1580883323.5287242 88 
1580883323.54845 1888bb62ab49ba71d5015972508a1321c23a91103cf1f7a6d8fa38bd3e7aba3d 1580883323.5487764 86 
1580883323.627022 0f03d038a2a93978a9a9a6f6af354cea3a492945bdb19b9f0b3d4f8b04edb7a4 1580883323.6274328 87 
1580883323.8623207 e215722427ff431caf2b3cc969582546fa8b1d09bce0773ecfde0e42ab768bdb 1580883323.8628654 88 
1580883323.9223208 11aed49f3100ae61242b49abf4ca99a5fca489d4c8af397d229f92ccaba99dde 1580883323.9228177 88 
1580883324.4186394 3a3c3b82578c93870b51246d213fe4ab93beb6be0393510053ec0297bcfc64e1 1580883324.4191236 88 
1580883324.5993626 06aaf34cb1a3bfe5898312643991ff5ece9dfbaef167f06d0fbaeb08f5cd406f 1580883324.5998065 88 
1580883324.6469483 76a82fd8c060ef6b2cde8e43e30692412156be9c9c2dd8732a6a1de5b5b38514 1580883324.6474369 88 
1580883324.7858958 681c13f5c375aada447bff4acfbbb1efeca24bde8fbe06b314243639ef6e3a74 1580883324.7863052 88 
1580883324.814746 ebfbf39787510bda90eb5f38e9de8c2024d6fa030db4d4fe5eded2c4e443e224 1580883324.8150146 87 
1580883324.8762338 3375864703ad4e39762fd24fb9941ceaab6b1fe981669db0b0c3095b4485dcaf 1580883324.8766296 88 
1580883324.9943967 e3914402a6bf0edc9af3885c8b486a23e1dd3f8f4eb94d2a231fa88dd8c05b90 1580883324.9948304 88 
1580883325.0313597 8759d20b82a94df2279e613c19635b7a4a156a420a0aa30f005223f5bb588dc6 1580883325.031752 88 
1580883325.0364003 581e287d9eb0ab6c9dfe2ca1ff960998fae43adbc9a7e9bca49deb7b4f5d92d8 1580883325.0366793 88 
1580883325.3774698 2d83e3d149f1adfc6297ba02e5bfb17dddf75cb521aa9a6912c14ffca3c5bf5a 1580883325.3778632 88 
1580883325.4769824 9761074bf71fa7030f3ecfdaf70648b4e8993b6fdb5d275b1d2e6b5691f38162 1580883325.4773371 88 
1580883325.508375 e862c2210f6592093180655f6ea9464f1b79e9903c245ed523ffbccf17566043 1580883325.5086873 87 
1580883325.512674 d0dff8d1811fdc45e8137781130265a92caf336fa3cdf6d36fd653294429aae6 1580883325.5129297 87 
1580883326.0292482 fff20d1281aa992c7335c5186dfb8aadd5021b7cdfa1fe2f7d634a83a6951316 1580883326.0297604 88 
1580883326.0626154 1bf4283cbb2a5ce8373e356fc6b45443b57ac94cf3cb46f6c98ecae1e883b5e8 1580883326.0630996 88 
1580883326.1131608 bb226de5576f9bdf05bbcc567666ed240752a7da578d027af83426b369f46a5c 1580883326.1135366 88 
1580883326.2416863 039f3fdb2791801323d538d504d82761d2027d27462391474fd0ce3e386a40a6 1580883326.242112 88 
1580883326.27593 b92573a49e1c4ff8f928cc53da7b7b13c4275143dfc6d1bff2c5c90beafe9ab7 1580883326.2762492 86 
1580883326.2895362 3a24edf43244a1ae3414180f4f68cfc92a1726546d3cf3f25e2442f4c58a4ec2 1580883326.2901814 88 
1580883326.3131206 079a1c7b55b3dc0f676361a9c1f070da5b57532e32ba4932e87b0f21314e427b 1580883326.313449 88 
1580883326.7354085 29cbdd023e1d5738b33e20726888f06cd6572932f78a07538e6ef4be995ea7f2 1580883326.735896 88 
1580883326.760667 5c8c512d6944a6da89e3a4059269bcb6c7bf87eb717645324f4a0e3be4b00bbb 1580883326.7610846 87 
1580883326.8628752 7eb53a5cde612383ba537847c43b79b9af6c270061b9fe6711be75cd23efd1bc 1580883326.863452 88 
1580883327.0749261 04eb62f13735cd7cf7242e25532f49b46898def42ffe533d960f4118f960473a 1580883327.0752795 88 
1580883327.3869653 31520a91039f5eb4aa7cbfc35e73e5a7f1741ed70d7bebb90ebfa84d2ae9bae9 1580883327.3875306 88 
1580883327.5192707 fc5ed3483e9b3c26982ff692d963b0b7818b2c16c21e1b24bfca2c25aa6d8900 1580883327.5196314 88 
1580883327.5646238 0747f41c79d0b28a72c465818f1ce4dac04a064f447387ba005a3ad1c94e555f 1580883327.5649538 88 
1580883327.8717904 fcb194fda0ac838b8613e640bcc384b901cb9e6752aa428e947289b48dbf7a42 1580883327.8722694 88 
1580883328.1361055 6da47d98ca1008bffba5cf2cd4022b12a9c579efaca89025c7cf76852e0c970d 1580883328.1365612 88 
1580883328.7278676 76c027a01b7bf5f2e458a4f92005b90a033d72b0eab5a3728a9a90a2b265482f 1580883328.728251 88 
1580883328.801653 b9bfd7677281a4bce48257c974f9a7d66336515da539b5fddcfc9f85715e5fa3 1580883328.8020449 87 
1580883329.1844335 1c12acae00f6e89a54de870c309ff9f74aa39fe9c91b61be5ba3e221c34b6e0a 1580883329.1849406 88 
1580883329.7672966 2c72f447624cc839cc4746c7840d3159c37d1180f4bddcc964fbdf75bf4fc307 1580883329.7676802 88 
1580883329.937762 085ef08cf2e0a117d51ff1e34552aab3b455a91b04dfceb5def0d5fbec2df07d 1580883329.9381967 87 
1580883330.026842 38d5c19c0bb5c7732e1dd22d6e8e6cb16d97ac92d33a22c725256f125b4ad037 1580883330.0272436 87 
1580883331.1102395 e56a1073e4d1729e4d60a043f163203ac1bcbd14d2d160ed6e96c0776686cada 1580883331.110596 88 
1580883331.2511523 530019485a48c9fdd3c6c094b32beb0594085bcf50899b1719a1401aa7c007dc 1580883331.2515204 88 
1580883331.3855875 f26322ccaeda58b8069490d1d4bfafa1b245756ed0b6e49ce5fdba2b874d05f8 1580883331.3859794 88 
1580883331.4515371 e40eecbbb3dcafb654ae4635d5d77510cc59b10c0152a72d6e031e40b19ef1fd 1580883331.4518983 88 
1580883331.5775352 5fba6d1f47948576f3f09ba3be222fe8f191a751747b1eccd61343f7e44151e2 1580883331.5779283 88 
1580883331.8024557 6972b470cb8968b7fff03ab2000c2922ef2b222abfc59dfce4b8f3251c24eab3 1580883331.802915 88 
1580883332.1913514 b0f73f5a8e973f054fd6f981d6a0f9af771dcaa4df8fda28fc5ae93ee87e5d28 1580883332.1918566 88 
1580883332.4151719 cecaf64bec3278ed2da66e623ca0e203920451292df874a5d6955588ea16d6c0 1580883332.415611 88 
1580883332.5642574 4d7b9b729f859e4e9761b9a6c6d372429f806938c442f0c8d14760e94c9d005a 1580883332.5647023 88 
1580883332.6597185 2cbb112b8bef61dd0ff419faba0b306933df1ff3810a0418dc648112e729420c 1580883332.6600914 88 
1580883332.6923165 e64a036bf013d5036a111f889fa02e15288b0dbb238735a348438b4cf9b9a53b 1580883332.692611 88 
1580883332.8802698 322e5572125f1c4dbe665c530ba3f93f489d1529c982a55fe3a3454c953e78fa 1580883332.8807175 88 
1580883333.2963982 42cb509e81c8b037ec14cf82d631d928bd4dda980f17c5d4c30bd13edebba189 1580883333.2968097 88 
1580883333.456106 0f1ae1afefbfb83779dfbc6220bcd811cbe7b2399e7d78d71a1462bb2cb6fe16 1580883333.4565506 87 
1580883333.610205 fc15119878cba2aff9e04771650fd4fa9b7dc0b38aca9ded67aabf6ce594d5aa 1580883333.610578 87 
1580883333.790337 78eee257a5f734f1454f6fc01d21ebd5932dc54bc27d8e14227c8a0b4d008c74 1580883333.7906935 87 
1580883333.88863 2e1b4874fc982ebd8a249536bde517ef50bd960684da401a84af7e8ee3c395d2 1580883333.8891156 86 
1580883334.4785025 31bf699920e624758ff3a6878fe5d1e0f3e09607428b799edc09852bd1f61c97 1580883334.47904 88 
1580883334.5221817 9e04a8fdfe7aea0437f304caf256c1a3c6d6b477c975bde74417b0335866f334 1580883334.5225134 88 
1580883334.543937 7702173e42248ad59c516ec0cdd75181334150eb330ae5c01a53690e6cf37823 1580883334.5442045 87 
1580883334.837937 15b1404e849eab7ad88d71be15014d6d4cb608ea8ed0d48aedfb7373f1c1da71 1580883334.8383634 87 
1580883334.8656101 58c331d77b677c1d0dfc69f5b139716d60378ef61f4661066e5b794d88396d8c 1580883334.86596 88 
1580883334.9741712 75c363125d542b9bd4f132d918dbe6d271e3f7d1a52b95be4d9891f2e312c81d 1580883334.9746566 88 
1580883335.3378568 20bb2ad159624dcd4a19af14509186f4284e084431b9eca08e7d5bab8ab08354 1580883335.3383617 88 
1580883335.3387752 d237756fc3b3025f93aeb5887e5513591d567d4219106b967277a3bb401ee9b6 1580883335.3389678 88 
1580883335.4406376 e3328101f0ea74a18e99b1e0511a7e9cab163b94ddfa0f75a2a72205c92b824d 1580883335.4410515 88 
1580883336.4177096 6c542f91d28d691aed5b6324fb4a8e9863a77f14ab11d9729e1aac6cfb41578b 1580883336.4180808 88 
1580883336.5593827 e2d7b729b3cd5c576d5fcec18311e5bd580d396e55b8f3d4d00aa0f85351d8f6 1580883336.5598607 88 
1580883336.6693494 14bda6aeb5ed6d114cb21ecc7b7458dc8bc9bda0e7bfa391821270c056438eca 1580883336.6697333 88 
1580883336.672418 082e78eb53e0750e8a880b0b203bf66c4d095a417154b1fc71a4e011c064650c 1580883336.672611 87 
1580883336.8586843 d1b17472cbc999d98b3e13e67cf6648c2bb7b5eb6653a80e9b825e26d2d540a4 1580883336.8590372 88 
1580883337.0344446 efe7eba537788722dcc8fec7289ea6d9cdd736fd0faf7908d26dc9331610450b 1580883337.0348456 88 
1580883337.64326 36bd87be736f60346e4cd0a1d04a97169e2c5ddd54e3d29b9ea714a1eb07d43a 1580883337.6437225 86 
1580883337.721275 d81abcb5cda4d8d314560fbd7605922f4712ec8fcee3719a4871168c804d4c2a 1580883337.72166 87 
1580883337.7627363 1777ec48a86f0b40a093cfff86ea311cbac62a8ab8503806e4cb24b1436be105 1580883337.763225 88 
1580883338.0482805 e5494b292465faff9a548669e64af7a1d67d8a7b4508ee85f6aa4e85a585db4a 1580883338.048717 88 
1580883338.3149004 35a81608818c18e2a1b0c1f16fd829df4ca2fe0f88f9583fea048b3efcf69225 1580883338.3152692 88 
1580883338.3797624 6081812fdf5af08f3c2e225d585a47495581cb11f02e110e17ffc8d07d30b0e5 1580883338.3801982 88 
1580883338.5839279 b43a2389dc6725cfa35bb1b7818efede225c935d4baf4a3060ffe28d1b544d89 1580883338.5844266 88 
1580883338.6493788 32d30daa9b9b78b42a16e3f92c3baa93d3d9f5f567d646760f867a676b668d78 1580883338.6498227 88 
1580883338.7764466 b614d0dfbd20e027527b2b5152375fcdff0249b1a6aae2576fa9bb089505b256 1580883338.776934 88 
1580883338.9228833 09c0c992f4f047820f7e1f9dce2dbde1e51cc6c95425ea8bb0a356ad7f2f2076 1580883338.9232862 88 
1580883339.095138 88606c2dc5ed62a8147c66b1c94170d90ad8ab56269a54887061a2d411467f2b 1580883339.0955298 87 
1580883339.1996078 5bb53ff039cac3db01206a0e9850586fdd30d24fc8414692860df733901d4f8f 1580883339.200014 88 
1580883339.433162 ff1940692c97d2c34bdfc9ad0e77a9981565d9f3d8da863916a056b21a75e2ba 1580883339.4336855 87 
1580883339.474015 4edb678d7faea5d1079230b60185fdc9db7f07746ea783315248eac01f4c3d49 1580883339.474435 87 
1580883339.5338132 da69bafaa92a4ba4d6b7e900a1c969a375c060a4bea3e2f21646118ff9589ce7 1580883339.5342782 88 
1580883339.7914891 133ce7bb05478db1dda871ee639f9299ea4663e965c320c7bcadbb1178c7c712 1580883339.7918754 88 
1580883339.8400023 c74d4296b1e10b636565289b7555c16874634f7a9631b499dfe1d451f77fcd7c 1580883339.8403642 88 
1580883339.8967788 c8ef7fef22e7fc5ff26d7ca3052e241163572ed9d68acfcad1e6b7dd8df261f9 1580883339.8971727 88 
1580883340.7652426 d782376cfbb36465934e1253604c2635b797f73356d5d999e85d13953f2c3700 1580883340.7656462 88 
1580883340.920221 84e19002605cf0fc5880e8fe4b4a8139ce3e222b50f2ae963f054896f17e2825 1580883340.920632 87 
1580883341.1213017 742e75655d865406c4a8503420dab1b8456a396566ad99a3bc1a4e3fa65f85e1 1580883341.1216834 88 
1580883341.5051289 7ae4c252cbbea0be51453700086ed61a4e10fb21f3d5ca13083c177859de253d 1580883341.5056405 88 
1580883341.556513 e6feeb40763b87f6c8c77feb925fd353e6593585952f1ee720ff6856ff5e5c4f 1580883341.557028 87 
1580883341.5857222 bbbf6dfa06e695440e848bf6c20d22a4570ad73fe035cea99b49e1e021cad2de 1580883341.5860212 88 
1580883341.7147276 4068bb60f98208cf8fd5f7e79c898de8d099daec44142e7e2624f188c68432b5 1580883341.715193 88 
1580883341.841249 4a89a80389023e141c76b75aa045b49e826fae8014747d79afb385fa728e71d0 1580883341.8417032 87 
1580883342.4715223 f53f2203ceff225a3a83811974f6790a83a682c132b2eabf139d8b2c5ee5a023 1580883342.4719024 88 
1580883342.806819 b3db11d32b030f9fed79b1d60840633e777ff0bd77b8209c6609fc55cc31bc08 1580883342.8072703 87 
1580883343.0513008 abc0e296a97b0802005f5a8f673d77fda6973e26292f3139307c90107a1f0f05 1580883343.0517807 88 
1580883343.1758308 90787e196223d7dae861e5f28852ebbb83e238bd427e803e9da63ccfa5e0bff5 1580883343.1762886 88 
