1580883244.037227 b322a093617b7ed373c346adcbc12aa51f8cb96d988d5e8a75cb4491ca4b5158 1580883244.037609 87 
1580883244.1986122 f310ba827fcadb4621011e944990a561adf88a1f6f61c98870fff08abe888be1 1580883244.199109 88 
1580883244.2719035 2a7222c88cfdf624ddee985eec850af709db8ace2168037805ed7ee9403d68b1 1580883244.272339 88 
1580883244.6140733 8d15852b4fbc6f9eb3089286d00a49fcbbb5a6db8ff6080a845d6fa1a12a12e0 1580883244.6145418 88 
1580883244.914561 e6e2d35136dbf1780fedd5bc7fa715c98ea8fa27a734ad0641ea455d9c07746c 1580883244.9150445 87 
1580883245.5518692 481cef95d93b8ddd15ce1aedb458717fbbd8f3af378171eaa74b1bfc86acd661 1580883245.5522726 88 
1580883245.6015058 2744befc3e0c1abcd98bc6ff4c1637c07e87c4592e74cc26d4d3ac59b95ec15e 1580883245.6019032 88 
1580883245.650868 2e4a22e9eeb7c0b4ec7db9e320202d97e7eb31ffddd01afd24f6fedc5488fcf1 1580883245.6513114 87 
1580883245.8644798 3c656fa970ebebe530271a074c954bdaad6faad8bcd97f3d91d859b055b9bb8a 1580883245.8649397 88 
1580883245.950782 33aed326e7f71e79947aba304a2a5855dabcbecb592b22f2965ed7bbefd3a69f 1580883245.9512105 87 
1580883246.117145 a022b243cd9c9ca59df39658f424b3adc618cdb16734cf41010c4338a8268ef3 1580883246.1175563 87 
1580883246.3160174 8b32ded25aaf1d9743e8b709796b2e0fba285d3cff2314a125d15f677122a495 1580883246.316534 88 
1580883246.4529905 7fd30f812ae69d5c05bace151fb69643ff8cd8989a9d391b2260cd4f9c01671b 1580883246.4533834 88 
1580883246.52696 002adc0ef2ff004dbef995d8d0dd5f160e4deecffdd5558e5409756f51c03235 1580883246.5273364 86 
1580883246.8179233 25be9082c934547a2e903bd3a4bcea9076c634de505712ce5f3d9c7dbe67cc02 1580883246.8183653 88 
1580883246.986242 29d20dce800e6d802ebc2e31f9594502495e0c1703ad99f857cb57dc79be4047 1580883246.9866424 87 
1580883247.3256476 e977d3aa42cce0bc7b476db005587ea9d1c701a3e7feb2bd1c093688718b49dd 1580883247.3260453 88 
1580883247.3362634 c887c57596202f64be5f3e89899ae4c099abc731b27365bd949148878550a8e7 1580883247.3365188 88 
1580883247.4233127 4641230bf2438319c6872a7eac3c21202103086fb577f06adad2769f2afc6c97 1580883247.423948 88 
1580883247.480739 567616af5db53a13bac70c2e289592ca8f238590e6085648b3baee5ab5cf7aac 1580883247.481199 87 
1580883247.6092489 0b29d1a9547fa8506b62a94b7dbc669fb2ea70864ce3e7703a8681949851eb06 1580883247.609668 88 
1580883247.754188 aa2b1a69e06d9a52fb02ad8740d29bcca9a02c352e9c8b3a954de6d10e4d4991 1580883247.7546506 87 
1580883247.7702787 4402a49e3b23f64e516af49f878750848aac25fcf8a449def9033d52b8926d8f 1580883247.7705262 88 
1580883247.801976 4c8772844e7f47143c6b7eca164895b4338e99194f5524d887cf4faa2d80aa9f 1580883247.802417 87 
1580883247.8195074 2998f108c92d23c952af25c6769abc6a363d9189a5d4d0ee2897bbf335f069c8 1580883247.8197668 88 
1580883248.2666516 4fedbf0a5ab69c9866268b15a7831ad153e6c6f86980df19a6b82d569d9e2a9c 1580883248.2670507 88 
1580883248.62158 4318e55560f42bc55895348c62fda8ccdab3c0f4387978e526e8ce6951f9f555 1580883248.622042 86 
1580883249.209155 2abe2b339f2bd3f6b4847e9292545ab2f7e50c1ff0bbb11a5a266870443c7b67 1580883249.20952 87 
1580883249.5865362 47fe53f4f43aea527c8ab41dd5462e8ceca65e9b30e7af2e7de54db5e7e025a2 1580883249.5869515 88 
1580883249.7841723 2937fb797d02c844b0d48ae0a8d2c7cd3721e7ca5a6f9d058f704db759e734d4 1580883249.784639 88 
1580883250.2531526 e401da261c6475b3a8712b13e856a3aca292f8b4fa9a795b7906aef17fc6a0a2 1580883250.253583 88 
1580883250.3807292 a31dbdd6900dc5226244c9191c4ac6b609fb44a18819bcad7547c2c6500fed81 1580883250.3810854 88 
1580883250.7141182 032995ff431c4fb034f8de8030b90dd319c0efe67f3557d8072173ed44235c18 1580883250.7145877 88 
1580883250.833818 04fabb5b2de2f0e4b97c7d7f3ae8847ca13ab831d07b4ed6bf697c5214a9ed69 1580883250.8342097 87 
1580883250.8390088 19b9377705cde803bd423b999f61b21be43924b7485cdfc4fac1c048eb50665d 1580883250.8393679 88 
1580883250.9840786 eabb1258a940cd7ee44b36b3f67903d6c44b1f924222d6ed25b545fa32beffae 1580883250.984596 88 
1580883251.103653 7d416c0e0babdbb3eeaf65a110e026b8f156b27e6ada853d25f95006bd362574 1580883251.1040962 87 
1580883251.3881044 0797749e228b671a298ffc151efcf9e129d02476a4c3a96306d04235d36abbcb 1580883251.3884933 88 
1580883251.739315 c66d4f70a9d0d2318b0ffba63d3cd10f7a1881d4b9b68834a95b24eb2429b9dc 1580883251.739727 87 
1580883251.8140182 9142a255cf572680148bf6c16dbed5a89088deb23f7735378829cd7e99d7a20e 1580883251.8145103 88 
1580883251.828287 6cf0527ed020bc598c813af2ed5eb3815608b09576de33376755c8847061706c 1580883251.828528 87 
1580883252.071622 16e17f499146b019e338552e07df7bac930775dda1edb15b0a3b94027ad3bd57 1580883252.0720594 87 
1580883252.089377 c7a939e41b72d3d95a386ac4c8308a6778f8c889d2d7f0b0a50165c4d484d756 1580883252.0896015 87 
1580883252.4182749 195dd242db51eae91a9ba6621c0186c11a4dce199c97ad396eb96889f3640e9a 1580883252.4186833 88 
1580883252.5855527 24321caeccf607c7d31c83fa8e8deffc6289b61f36d9441e2de635774477161a 1580883252.585929 88 
1580883252.772606 600ddfbb8724cd61346040443aa13b2ae6510dbc4c7e7323f8aa42b85d580a3a 1580883252.7731037 87 
1580883252.9020972 e4cb670211717a820ac35a70a43b2882caa159973d550557872da0872098721f 1580883252.9027202 88 
1580883253.0267072 2d323d1a0b17288be1a7a4b09c112e92e7a462ca7273d96583f77f078d791085 1580883253.0271573 88 
1580883253.2154975 7739cdabb7635e41627148652c435144cf20bdab541bf06193714611183a8148 1580883253.2159522 88 
1580883253.5597956 9e295cba148f28d4c9d8d184f775df0d0fc2c20e6085c6c016e24e43615b6084 1580883253.5601652 88 
1580883253.5767708 4616abfd5cfd8749b0d0ece6b9a6e9ee0019858aa8b3420509ffbf8d73dc172f 1580883253.5770233 88 
1580883253.602813 cdb21cf095b883e5a9416a4bc5397374382b55092597ed47215ee4a9fbc9dcf7 1580883253.6031542 87 
1580883253.7192576 d9791315798d7e312f9f19d13bf878bac6a84df07c3eb634af0f42deb1cee7ce 1580883253.719701 88 
1580883253.722929 46f33a7208bf78708d905631c3f1c8adad0f3d467efdc227f4beba4b64caa7b9 1580883253.7231348 87 
1580883253.7383177 b01d24203a1450371085663c7687f2c4cf08d6b54a206613d87ff426dcee81b8 1580883253.7385643 88 
1580883253.7991533 0da9e961457c9be6f2931d4d8feb25b5f00910511c2918ebda08bd6649521425 1580883253.7996292 88 
1580883253.866809 e49ae8bf7cf8374292f83cb4224e83440422054e549c9fece8cc1f65de36c8f4 1580883253.8672194 87 
1580883253.9354105 30503742fe20558781ea5a61e0e5112260892dc8490f61d2b3c094fe82b81bf0 1580883253.935889 88 
1580883254.2252321 c3f25f44d0038d89ff57e1a2c2aaba2c71eb06998eefa7d4ed1d38f6a2c63bfa 1580883254.2256558 88 
1580883254.297259 d10a4f3ba7d58c05b6589a249c8458d4ad0f09e970690aea5d1fce0fb9ae1069 1580883254.2976835 87 
1580883254.5375612 1fa1dbfc3f4ba3c06bf9f6c8ab4c4f0c8ff2f062790fb4d7727da72f4351c8b2 1580883254.537928 88 
1580883254.8675964 35c1376678fa549869599dc53a8646714d6b5512ed344f1a42dd5c1626133583 1580883254.86815 88 
1580883255.7914655 2323c5ada95b36b51c81b4c3010f507096317ca199e0c6d6a3e9c97c3a22a852 1580883255.7918606 88 
1580883255.8117743 cbe0f3d15f63c539d87a50155bbabd19b9509c92f79a33675464e03fb9a91f18 1580883255.8120685 88 
1580883256.137397 05c6d894ed1bb06b66df850feb46a6af86c8fa38a776f9eb287adf157246c133 1580883256.1377993 87 
1580883256.1764476 1292a1a02e49ceb5835946086cfd4061691b9e6f02ee90abd20f0c72488723dd 1580883256.1767848 88 
1580883256.2665863 349183cf1c7640d48900beca6d9b08dd2dccc2ed8d37edcf8185a11fb7be1fdb 1580883256.2670078 88 
1580883256.2796717 73637dfba27eb902c4bfb036060138e8d2bc940e35e9747b797aedaf4cdbbb01 1580883256.2802174 88 
1580883256.337187 191c667ee794d8b8f9f182ec739485fed521d6c06a4c53c977a31ece234e24f6 1580883256.3375177 87 
1580883256.668558 c5b7f7dc0f1b94719741ba89138aaa91d13265c22b6aba779bbdd637d5f81bd0 1580883256.6689599 87 
1580883256.6784804 d46181299bddd16cb6a5c79e4740ec81ae3d6d015d84517777f1c1e0c8feac84 1580883256.678731 88 
1580883256.687124 54545c7c9823489bb8071c858799d8699fed90986be72ba3ee7332839e983c54 1580883256.6873524 87 
1580883256.794533 446265a6736cda7b7f1f730ed92d462fee256f9f1be87be9fc6d286fd7d84d69 1580883256.794927 87 
1580883257.3832152 3f926e4f7a345c73f9451c15338c8716f45289dff986b9ef114ef961c2c375e6 1580883257.3836222 88 
1580883257.404014 f368a50f13033a4e9e1579aaf37557ab20fc2d57d82ccd3830d7cd59778ffa36 1580883257.404283 87 
1580883258.3138773 8d4f19e908333e588b9fc0aed61b672dd61df78c4f75de69f4f5c926b8d65d0b 1580883258.3143992 88 
1580883258.4649084 a36a9fa9314b530925b7a40a7bc43bc565083377321ef6d155035f397414d51c 1580883258.4652765 88 
1580883258.4943035 763ac383fe5ef1b1866ac35d4448c5ca8508fce58f7bbeed8da0b6a54894f906 1580883258.4946566 88 
1580883258.8377638 233eb9b3b6a0be2c46ffd2e1d0fd528722cf5c43a60312bc1e1b26c78791b5e9 1580883258.8381402 88 
1580883259.060016 b42ebd888f4f02323ede5a190341e446442c1f49b14946a97eb4edb8635c4b3c 1580883259.0605023 87 
1580883259.263875 8237ccb0e529a0b12d34ecf019656310583bdfcab5d420150b902a9435b633e9 1580883259.264331 87 
1580883259.774565 fd41e7d00521c67b0c71de3984575b9b9e05d79fb858cb586fd203c1f2e7d028 1580883259.7749987 87 
1580883259.863528 f3b489d8208b17663b404fe4a4d614b3f47e39c5d8dbe3a28e48ed61af7dcc03 1580883259.8640268 87 
1580883260.0775452 0d81315585778bdcfb01d3c10e392ac1f110f3bc649f1fcf0482a74d0311c4b7 1580883260.0779784 88 
1580883260.1525989 018ae6c6f602023698fdaa726bbb4c89f9e4336148a95bf164fa9c795f7151b4 1580883260.1530952 88 
1580883260.6731539 a45891a23157fd5bcebb2ac83f74859326e28d9422e94e37cb1be103921ef0cf 1580883260.6735682 88 
1580883261.1553807 99dcbb229a3a36a3aee86de1361f6f83f14e468bf04e5bb3d3a7e29dcbd81ce7 1580883261.155871 88 
1580883261.4515917 5d200d611f2314d5c12754829df85d1efe618b26d6660ae460b42b9ac1f2b792 1580883261.4519851 88 
1580883261.4754746 7e2c20aeb08b61b02d92aea2f4042a96e85d50a7837d33960ea760d839c10f24 1580883261.4758046 88 
1580883261.5034811 52efefda31f43a232b782ac0c152a102fee239f09668fc7cb9f14b11576a1bee 1580883261.50385 88 
1580883261.9288003 2ad67b3e9b742a5b1334406c89e913987a0f47f699a7e93126567f6705fd9b74 1580883261.9293528 88 
1580883262.1292915 b5a80f3deff95c8af4effe86482cc8019fb89deb401a9efa7818cd320a25a6da 1580883262.1297765 88 
1580883262.148928 41d26e96ff86d5913a4bb4b1357ba4ebb5a032061af4b599de39072bc8eae31a 1580883262.1492703 87 
1580883262.2825332 b7f3d5330559f2f87d6d7518768a12f4fc965d0ea8055266c8a106083edaff06 1580883262.282929 88 
1580883262.3404098 a48aa2fde082d2f5d243fa1849cc4640cf73d78ee7c295b8d4c4f76b217a5aee 1580883262.3408666 88 
1580883262.6920104 653e09ef56c2a048d041e48cf84084e838dac0ce33e653306b342423d2183276 1580883262.6925259 88 
1580883263.219006 b391cb88525f319041a1c7b4316da6d4fbab0b90a20c85031cc5546f156227fe 1580883263.2194896 87 
1580883263.669541 90211c9066c124efddfe14f85225d1e981feec0038a98b9a3f5b609f6c229b71 1580883263.6700788 87 
1580883264.173048 c116bf751c03848b881a5de7a44c1b875eaa729449553532cc2797c51ad54fce 1580883264.1737456 87 
1580883264.3009553 e628c643e3a52f6a4142084cf95237ad275555491ef0cea85502ff34c17f9f0e 1580883264.3013391 88 
1580883264.4597058 c6f64295b6b5481d1600b506a0eb580affbed77c49b6d6471402bf9a7d21d362 1580883264.4601612 88 
1580883264.5212739 57edf79539bea05041d448d7857b9b510a55c47049c75910ad7c89495edb28fa 1580883264.5216544 88 
1580883264.6230955 f39b349e1d59f2ac81701325995c347b01e02bd49d13415b663103e862126604 1580883264.623561 88 
1580883264.9476316 ff8483bc306156b96166f32ca94a1b3d893b51f3d8bf81a235df3ace417c24b2 1580883264.948146 88 
1580883265.1299167 1065117e34321e2411b7e2391b7a88c23a25bee7eda0ca9f9783d233d8ba63fb 1580883265.1303134 88 
1580883265.1510375 cf60208465387d5c012b71dbac7220e126da15a7a13378351018b43b75065de6 1580883265.1513238 88 
1580883265.1991656 b9cab8a58ceb2b1933880cd4f09e454662395aaefa3fa0ea73da62da3807d022 1580883265.1996245 88 
1580883265.2084155 1aaab7429c662a5f172f6183f94dd42b4bf448ae70ddb312543afb8482ba4762 1580883265.208662 88 
1580883265.43188 fd271d47ffac09d51ae233181d94dc63fd1bb286c302f4704928b87033006d08 1580883265.4322515 86 
1580883265.4672458 4372ccebad28853fdcca413466250a552a1b926d264808fe7eb9342576dd5881 1580883265.4677086 88 
1580883265.5156925 6b06bdc7ac26c7613748adab3fcaecbad6c65b250b4372bbf82de46973397a9a 1580883265.5160518 88 
1580883266.114675 d1393d9699dfc2cda7438c62d5c9e431ce634b1d48696b11600ccb17daed2e83 1580883266.1150553 87 
1580883266.168198 33963887e9d99dafc50d00ff45b847b9b4d26b61c7f887ba78e9370365e56540 1580883266.1685348 87 
1580883266.3415084 b330c8cf66b3d10135c2e3cf8c302a8a00435d1f7863856a4fb4f5d4032614b3 1580883266.3419442 88 
1580883266.968681 9f10fa02de7e8fa332ca2b258120ba3748669e347a5df43f24a2440a0df0ece4 1580883266.9691763 87 
1580883267.0919337 7820563975a3605a9ec7e488e845a1b9de647c4f37efc518bd60c0c8908223ee 1580883267.0923376 88 
1580883267.1351268 842d7a9c93b1804414370acb7b2d329c8ac19c1c3d68e015fc9e36dfcc464d75 1580883267.135559 88 
1580883267.536282 fa0d3c9ea131d584de87239260400cfe012f502f9d875748792999ff30e7f8d2 1580883267.5367863 87 
1580883267.5607538 ad9870d6d5dbe1192967c9ea12c1212b13c86e30d6767368f74122f7ed4b3609 1580883267.5610347 88 
1580883267.6708431 d5957c7ba04e55b24ab0b978bafd088357e7dab4322f0d6a2ddff72e32711f6c 1580883267.6711907 88 
1580883267.7560225 48b55e415a89c0e529d5372f0fc8e4785ea1ec79951997d9a2f8f5a4978bd392 1580883267.7564142 88 
1580883267.7902293 3d2a0b5574eabb526a6ac22a411607e381778ffa91aaee1bd547dbdeb463c33f 1580883267.7905574 88 
1580883267.8482993 a3bb10922ded290ccced9e2522f288bd14550f0f622349c31cf7160a51a0bb1b 1580883267.8486726 88 
1580883268.05852 bf3bc7a9a8921f53506bcda206266ce097abe76b04f8f94ffdb392f88f121bb4 1580883268.058888 86 
1580883268.2691722 c76c8b49da2753129280a3111d021752253ef8154b41d66d5a80568e6fd5f52c 1580883268.2696147 88 
1580883268.2954173 aca76b728ba2af6ff2f5ddaf6d7d44dc6fdb1f371ee437fb5f0937debc4fd519 1580883268.2957318 88 
1580883268.3396297 3b484f046d73926255b5cd909a72ba6a32cca8ab9636b2c7a590a7107099407f 1580883268.3400621 88 
1580883268.515501 77663ae8ece524d8435a7522ac8ca1d285644296dc411678da598141357e0f0f 1580883268.5159461 87 
1580883268.9420204 3ddcd54f7fd020be46d7534409b2dfb8778fbdcd4bbceeab94331d3868f845cc 1580883268.9425566 88 
1580883269.1813238 4ab66c4bb2e044ba398c0d716c04dbe4970f8d0879fbc55de78b181e41fe6359 1580883269.1816862 88 
1580883269.573851 f4c250795a3f48dbc5b7095a6706599691dcd04cc1c45e639b2832533c92616b 1580883269.5743873 87 
1580883269.630295 c82c4cc6ff73306a06b0657b6277bc40f10f3a1c31e41a301ad9123aa4c7dd72 1580883269.6306968 87 
1580883269.6770139 29c511434a01ecc88107d1eb84b0e9f646f3bedb3603141741b83843706f9c79 1580883269.677424 88 
1580883269.9043725 ca5b6a93bfa1e36484d2d6ea36985f1202616d48d612652edf20a59287fa4216 1580883269.904761 88 
1580883270.0190501 0b8324d0982cd879dedde155eeca50402835d842a2d6bd8cac5a84f6e874879d 1580883270.019508 88 
1580883270.108993 36a110a7933ac0c72702002c17f1458aa4e404078cb789c6ff47fe2ca3e7fbc9 1580883270.109455 87 
1580883270.1880713 4a570d3f21c3ca3fcbcd87dece22530433ddd8911795719ffb8d470a4683bdf0 1580883270.1885023 88 
1580883270.612646 5d6c070807644acd01e808225c804b450de4bfc58715a7d4c0ea24fc895f4c0c 1580883270.613134 87 
1580883270.6648307 47b4e04bf7c0af4eb4669c8fc48bdc6f7164d4ce433248da3dbe4416e023cb6e 1580883270.665222 88 
1580883271.5079682 0aab584818924a4a30c30cb3401ad2b40dc3244e48eb1e59929ae83accd86de6 1580883271.5083249 88 
1580883271.7174165 168dc0425d6705f7a87fb99fa98f3b68279d8fbcb7f7dbcafdd99544a5d2a031 1580883271.717899 88 
1580883271.892814 14dbdad5a9d5456b5e4d2ba30b1a7db2bf36d17b14e3571a7d29cb0680e08de0 1580883271.8932738 87 
1580883272.2702792 f51da61895ce493fce021154fb2345ef527914dafa36c5b670568f41bfd36608 1580883272.2706625 88 
1580883272.301985 6f6da5feaf4f0f4c158e13f8677366ecaa33142b2a55836884e99718d0592086 1580883272.3024595 87 
1580883272.5293078 7addb104ab5b548c13ef0cd9a8a22f16217daa545ef4c696a49df6d9c18790fa 1580883272.5297725 88 
1580883272.953395 a2a4d6c28454382d0d19a3b96e4ccacb07711bf71269e89b4ac20df07fc65fc2 1580883272.9537697 87 
1580883273.1087606 6527944810f4075383bf72d68c6e7d691866c23900f551de34ffde3bc02d7c7c 1580883273.1093414 88 
1580883273.677329 92bedb170f767306d5eaf4de22013c72d19eda6c78aeab9b12f47bce6ab3713f 1580883273.6777055 87 
1580883273.7463808 ada3af51527918bc86163b296cab853db27241667b88ae9326cc3750a048875e 1580883273.7468135 88 
1580883273.9510999 f635cfad97878a1b9802e55bccdea87410d476314188b0ce9eef0ad3fde13071 1580883273.9514735 88 
1580883274.24611 e78808943ddf3cf7cef40788ecdc61b2c19fad36cfd0046923d4b4c96abf4b4e 1580883274.2465107 86 
1580883274.4823077 e31e498ddcf0c15f59694a724d756fcbd460e694fb68a0cea5ea8fcb9f15f482 1580883274.4827137 88 
1580883274.8837373 7e88fa486be367a22fb310c52dd5e98b7e4bd647792a3bbf19f3a93e42dbe325 1580883274.8841236 88 
1580883274.9682782 8feb4cbeec2f404dde6458ca0b3f1f68aa50cbe29a96ecd3bd83a8a475aeb4a1 1580883274.968666 88 
1580883275.0162714 43a372431e7f52a1cc3b1f50dcf24e053975177c7e74b34bd0409dc2bdd0e160 1580883275.0166984 88 
1580883275.1088347 9d5194da7e9a7a85b6de4a35cf26fca3d3da985571efd2831408dd670e091c25 1580883275.1092029 88 
1580883275.1297848 d16aa63ca6bb8549481eb412db0e9760f32cae63e5b497428543c211b00ebe83 1580883275.130113 88 
1580883275.4483323 53db637a6c4eab1f5a84836a302239bb28052a1c9be74e79a4e8de1d7954cf57 1580883275.4487681 88 
1580883275.801628 e54a8064bd1297a6985179fb388b1070efe9b19b64cc68b1756480da78f9f6dc 1580883275.8020294 87 
1580883275.9569237 ac81fb383826f79f1c86cfbc846d838a3aa2f21586fd6df73e267f3c58d1b6bf 1580883275.9572923 88 
1580883276.0334222 1f423e32d6360dbf58f54bd23c2bd7267d951df9af520494035f4a1b147418ac 1580883276.0338664 88 
1580883276.0905235 b8898dda38d52c7d6e130c3095b480c821ddc4bc23077a460e2979372e635fb3 1580883276.0908697 88 
1580883276.3033957 ed062943c22baa5ce95b24833a8d238f9868fecda9c58921f1e946f98dde40aa 1580883276.3039167 88 
1580883276.322543 36e545083894cdb783b4f2ea318042d5fc043e7cc8d731b2cecea695cb4fa50f 1580883276.3227663 87 
1580883276.443233 7d61ce616f3e141759da6301712137ab1e505dcbdbee592d2a2bc430fa682cfc 1580883276.4436214 87 
1580883276.5693636 da879537be34d68b2c500ef5aa2a51ac86082c00fb382a81af76f14b354235e0 1580883276.5697355 88 
1580883276.5884569 8ae62ac829f16be9f473b39c4374f285823a36b84866c922e418c49a247bfe1d 1580883276.5887508 88 
1580883276.662662 0e28edd6990330393c4038230cdb73b28ced6b13edb8eb1661a06426ad3dff22 1580883276.6630433 87 
1580883276.67726 48eb72d2bd8b38a490ddee41575d6189d550cdf9aeb6aa2fce3e436ee8a3703a 1580883276.677502 86 
1580883276.9016333 12c069b8ce3253410c70f605134941ec6affc993ab1a2a5fd3c1bdc754bf47bb 1580883276.9020066 88 
1580883276.9625373 7fa2b5ec21ccfd89f573bc42f3cb647c553c2da7497ecc78459ed2b888360b07 1580883276.9629574 88 
1580883277.1210606 b2f42925cabf3822eee999e83a53c5809dccdf55c4e8fbcfd64e016476f529f9 1580883277.1214378 88 
1580883277.3917286 94ac45ba6fb92389b7abf3a56cac3ffa9d70c10e5bfc6216eff0195eaa585a1c 1580883277.3921008 88 
1580883277.598335 1188bd1fa49e07b69a5f5f9c238953e3a411aa3344665870d7cfc446046611f1 1580883277.5987723 87 
1580883278.4945552 60ce24486977707a8b4f610e9a35eb669643d5b9b8a78e76529709326c3b0c9f 1580883278.4950454 88 
1580883278.9543917 598424f89fea6e81ea3759585207d34465e3a59d726bf03a18bc03b0aa46c063 1580883278.9548879 88 
1580883278.9561667 24e99e86e3ffbc3a3561341d5cd8b8b54f2b131e27d5e09b13859d35ee3818ef 1580883278.9564004 88 
1580883279.0166295 1d1c24fcbaffebbdd9a87507ad3c489c9f983357fc11f12b150271ecbe2bf0d3 1580883279.0170074 88 
1580883279.0392287 abffad6789fe68e3f782f2aed6b626bc84a96131498a2ae578eb8a9f890b532d 1580883279.03952 88 
1580883279.573972 1b05a663f567d9148e5ed1c8be4b4000181394a8a49bf72f21e9a80c3d64d83b 1580883279.5743847 87 
1580883279.7061014 325834729489afbc24c89b8652ff3bdd472dd2d473efa821a88f929c590b3a31 1580883279.7065966 88 
1580883279.8582377 1157d791ac55e635d7919ade7faba8a614991bcf27b558705747176398853efe 1580883279.8586562 88 
1580883280.2776074 8cbda3378afb1cbf62281f7749d20076d3f94639e0dd79bba5fe5b0a6eb1d8fb 1580883280.2779875 88 
1580883280.4856062 e2a88049821daced5cc4e2f0a2440a926f0ae7f81b085a86ff86bb632073bd88 1580883280.4859943 88 
1580883280.5482004 e9eef3ad2ec596095ebeed7a1a2b97a94fa851ee16843efb93ea21a37545b908 1580883280.5486763 88 
1580883280.6787267 7faf2779866f49f454e415aebfc9437f3f6159b1f35e55a7bce16e717618939d 1580883280.6791172 88 
1580883280.804581 f1cdff9797b384bd56ae8641c2a23f47ca2e542494b753ff781c504518a84595 1580883280.8049867 87 
1580883281.1276307 c8a652fa4f6468cdf8f54cdcd56cdb36815ce6d2f63a0fd000f7f3e58f97015e 1580883281.128024 88 
1580883281.135221 69bc27996a4df8a01479d3bff9ea143d0c0ecbd7facfc694e6147b7667abb794 1580883281.1354327 87 
1580883281.8283622 98d8d61b2bf94754497a6d9cd9917b26a3ba35ba6a7e005cbfd69fce5fece6d3 1580883281.8287394 88 
1580883281.9136245 f47efe8ef5f616b4c776ddb947f429acd1cc2639be57d290ca39f4dc20e784c5 1580883281.9140084 88 
1580883282.538889 516b4e4479fae61d1d46d1f50f5f5c393caf5840d60278a8ba5248e8280e7743 1580883282.5393615 87 
1580883282.7792287 ad8b5b3001283fd271a2f98e992a44adfb822e0ed481c3dc748eace5d541682b 1580883282.7795973 88 
1580883282.8765204 c6f2fbd4d7584b6c49afe6d7664e8497351640ecf1c2142f57f89d7233bda198 1580883282.876909 88 
1580883283.4628403 ebb4f5a63f784a11b200fa7b23789b02f7316670bddaea4b85f2583211de0bc7 1580883283.463245 88 
1580883283.6081665 c5d9cb61e84f2a4a5e487332883f3d9e48579960bef39d9123163f3ccdbc5a15 1580883283.608581 88 
1580883283.6153142 1c4e32880b134096970e9b9487e74b684de60400cca53b92b4586fddb56bedd1 1580883283.6155355 88 
1580883283.7291994 4b5d84c194e2a0e18214755514236ae9098906657eb8999710c8d3dfa85d0583 1580883283.729601 88 
1580883283.8242507 3dd36391ea51dc4f01f44dc98b743d9cd464573acdf741d54ce8c5f39ae0d127 1580883283.8246272 88 
1580883284.265808 cdec2dbf748db504060435d40107fb4694d9cd978f15804d9917ae3b2004b0a0 1580883284.2663012 87 
1580883284.3422732 28e2cb6bf66c93a776f3788c0edb522539d8ae079deb5359e03072f8809946a7 1580883284.3427176 88 
1580883284.4494772 baab00e45d0e9ad3358974b4f04a889fd2cc19038d54851393ee6384c5c452a2 1580883284.4499874 88 
1580883284.5577579 cc0e7b155e1195f12b635400caab33e9daaf9fd0c3ceb5884febe1081d8af08f 1580883284.558287 88 
1580883284.5962756 c0893567c6d8c1a948d5409941f8a1e5c1aa0aaced47d568286be5f1c9f9b401 1580883284.5966356 88 
1580883284.9246647 9c62fcca30c1d802c89eb46838ca1d8ccc4bea73df715f3503de8aa4be5cdd05 1580883284.9250333 88 
1580883285.168799 0d3fa148159b38ca71b8d2c3c9a30377ef63e12b47453bec19ddb48c41e5498f 1580883285.1692066 87 
1580883285.4791481 c49f8cf37c1a2be98c8a7d0182e4099923e00c46226f1d5e16fb4c480ee350a1 1580883285.4796662 88 
1580883285.7403781 b3a4311dca599874732c305d88c3b1fb590defa68580517a041acbf6599d3937 1580883285.7408254 88 
1580883285.9066133 f8034181072ec313ec7c23769d30ba00f4bc129989385527f174e86afc7c7960 1580883285.9070587 88 
1580883286.1408412 fc7d3374c9a7737517c0d8ab9e851bbf018a243d7fb06a70089f1d3bd7b21456 1580883286.1419377 88 
1580883286.1983685 001d1c39abf839183b8dbdb3aff57b2722d0069a664a64ffd1b34179671fa02d 1580883286.1987698 88 
1580883286.4755857 d0070f560729fade14e9b119dcd60825f9fa8e430319212d48cdb9a7b7944ee7 1580883286.476119 88 
1580883286.6438823 cbecbf81a823469219a181d28af8595bffc00333408bb58dd45c60d912406d1f 1580883286.6442668 88 
1580883286.948473 e4edccf52d9768e6d91a68b371d600aa7884bb135e6abf8141585cb4805d9b04 1580883286.949023 87 
1580883287.3172214 8bc48a4a47d2ee8227548873f21880149c9faa328c7edf6b7729f69f3fe9ffc9 1580883287.3176649 88 
1580883287.446797 676dd037cf62b523a0a9b8d14180255cb63f127a3ceb2f348a9a12e12a59e0a8 1580883287.4472775 87 
1580883287.4958649 6f8e8f196011ff75fd674ed768b41a147856dfc4c87af60def418d45d819a57c 1580883287.4962564 88 
1580883287.645989 4b8f958b72e249ce0fd5a3411ed518bc2b4711a331d32a9f515314bea9dd976a 1580883287.6464815 87 
1580883287.9368308 0b06170be4ea91ef528c1182099d9e07125b4cf772d10562cb26da602b343075 1580883287.9372504 88 
1580883288.1351876 6623b0f476e32066b46abc05556435236258548eaff723d089e55a61d11a6c23 1580883288.1356041 88 
1580883288.2449853 c0604f54901d7484ebba428c181c340009dad3cdda241a06ecca17f19b991b19 1580883288.2454755 88 
1580883288.6201134 9862cfa29cd69d40f90ba5067680c20393beac5851b546b50d7c28e6085461d3 1580883288.6205344 88 
1580883288.848303 1f1a3e35865f30d1d2488257eafa03e45c64e584daf2e07b47e21505aa3bf436 1580883288.848805 87 
1580883288.8572176 0fc5af5ca70ba7c9cb42e34ff1637d55731dd32ce6a39cc9720a08f4abc35c6d 1580883288.8574402 88 
1580883288.920679 aa5f8082e5da25afcf7439e5a91878a7e5cfe10192a0bd9547cce7cef68cd457 1580883288.921044 87 
1580883289.018074 f7bc2f12e755f7df6432ac938ac8e2463ce9e42d71ccf9322cc4fa5f288358ae 1580883289.0184562 87 
1580883289.4500318 771c1c5ee9ec474455b9856411c954fee7506f46d70958ba9a253872b40d81d1 1580883289.451157 88 
1580883289.824659 c26b29e1e22c9dc368f560b9546fb59b0ff36f9aedde28c2cf078d0da8905b7c 1580883289.8250494 87 
1580883289.8590958 aa62e226a499897b48383bbcff645729f9b8218c7d4446bb87e6fe6930bc01c9 1580883289.8594575 88 
1580883289.977115 8e01ef68af4d203e15f94a60fef08aa76ae7d47316f3b082f8cafcb93577e0ac 1580883289.9775417 87 
1580883290.0127125 2adb33d2801befd911c0ff6507c50033c0a5510b97a26ab5c14a3bdefb90cbc7 1580883290.0130105 88 
1580883290.2492669 2bd542e986e3b7487aee9eb845a80f1159713535bb652764b691d23658a92cc4 1580883290.2496965 88 
1580883290.3638248 28fa74d14cb5cc55b431212e1d421ba88ad5769e08a74d51b68e58394169189f 1580883290.3641758 88 
1580883290.4103224 feb884e7d261e93a7c8cfe90399a600fd11535aedf409b9e9b966c87e122eb68 1580883290.410789 88 
1580883290.5445914 7bb80a2e01f1f3ee3aca9e474255ce1044e73f571507fd4fecf35950c9e5714b 1580883290.5450163 88 
1580883291.119416 a58df3d85a91280c5be75cc91f78bc56071e52a5130cbac64a1d36868d9aa043 1580883291.1198082 87 
1580883291.2001987 f8f75904c6eee2290bcc05ed28785f8ec58aba24c52ad9ab1dc83f8ebc7da939 1580883291.2006345 88 
1580883291.658754 727cda8892a98dd1093817510b075d6040247b424264259bf018f14845606642 1580883291.6591356 87 
1580883291.7440345 c83899cb71e42cbf47d0c02db3ab8dc9911b31971f29d1791b344a093c7ea963 1580883291.7445226 88 
1580883291.7502356 2627acf3cb107950b451ed75ecad49bdbdda8141c756cd8c137657a7960ec6e7 1580883291.750539 88 
1580883291.906383 7ee5e99a505ddcaecf0975e58de542d3fe68a594c7f41b03b919b0f5a1e2b718 1580883291.9068027 87 
1580883292.7345607 9d95f2341379fe624ee130334f41ae48df5c7947f0d07aab39afb5d48bdd0119 1580883292.7350605 88 
1580883292.8803725 7831c2e507468ab4d889b5cc97e6dc3dae0807ad168fcbc2f9547eeb93decd75 1580883292.8807552 88 
1580883292.967259 3989cb7c1401413d68efb22907b5148be0156f5cfdb4c0a54284b7c62f4d72e6 1580883292.9676886 87 
1580883293.292858 267fa2abbc610b1bc65bd6ad1ad40899dd29f51c71c513dc378502941d762677 1580883293.2934475 87 
1580883293.5012052 1dbd8375b5519152b2a8dac605fb1629b25b0a1a9bec58a32d8403f7d5ea448e 1580883293.5017126 88 
1580883293.6151273 6434f955e3d9309f902a55a9c59f7740ab8e2e35a630d2900b6e6453917bf523 1580883293.6155145 88 
1580883293.765471 e58d7dc65e26c4ed39dc8e6038f6ffb9e771139107684524320d543dabcc7d73 1580883293.7659502 87 
1580883293.839846 7bf62431f13123acd7387e2d4ba3350c563120e5dd024204e8362cbab53c3315 1580883293.840249 87 
1580883293.9859934 5538c189f0a4e6e5cbdfb8beb7dda87b1b26d2050ad9db677d7c2d7e3dc1dde8 1580883293.9864745 88 
1580883294.033813 b9362bbc334666479ce24f7f0df89b16671b92eca137bf01892cec7ce6524cca 1580883294.0342693 87 
1580883294.1493928 787ab6c8f525f3b732190ef05d8480339589e43d97bdfe2ff31e8265d7794fec 1580883294.1498191 88 
1580883294.349838 bf404f4acbdba528c6b5068cf1755077c06fd35c7a5eddc3d6658173344882a5 1580883294.3502517 87 
1580883295.111372 413e974027b1b22df534e417e581307080849d6929627ec593baad35a9be4909 1580883295.11179 87 
1580883295.239233 37ca23d89593c97985533695bed5c070a28f45dfeeac1b81e340fce54c7b8d68 1580883295.2396383 87 
1580883295.935635 e353b1a1077b0b23ad760eb6587688690011449b161f5c79c7de9d75981b31b1 1580883295.9361548 87 
1580883295.9568162 2385a071bf42b8debd64e6dab8cfcbd6bbf45701d7f595c39c1b9208f59a6fb0 1580883295.9571629 88 
1580883296.1663651 3f85bb34724b04d8619522b58322c8efe26359a89899b9f79301d096598e42bf 1580883296.1667972 88 
1580883296.2809598 3ec34231b17417609e253d9a7af7af4c8e88b9608ed200e1c3894717ca9046b3 1580883296.281351 88 
1580883296.3796265 bfd4f6357cf0ea734e2f0f661b90df7d46cf11890f9b59f68305889118a0161e 1580883296.380044 88 
1580883296.3946345 868769ec1bfcd542d04873404caf5599421648cb0118749b8b2c2f3ec4ffac59 1580883296.394906 88 
1580883296.4884183 fbe872ac5dfa229410a7d3431059142c5c14ece772463fbf7a6ed7e3b6854d53 1580883296.4888577 88 
1580883296.517816 4d16514fb7cc6e6e90d651dfe0c622d5462f922478fdb32de8f30a4ed6ab8b2b 1580883296.518111 87 
1580883296.8561778 74f9aa6520f49a7e80ec5f154684fc6f2a88c0a44203f85b74a6870a4e6c7248 1580883296.856599 88 
1580883297.185685 8659b96fadab5e5d179fefa0373c5bb68e7da505e1ee72f610e03fd9f65bc464 1580883297.1860702 87 
1580883297.3559952 22215569e7094b027f3590ae3c3c0668f67853196bac9cd083673537f877ece8 1580883297.356353 88 
1580883297.4403236 cfb7a3d29d4be6834a97fa66830a812d9e66df8beee573f76736c9f013b18718 1580883297.4408069 88 
1580883297.5094543 18d30265b3ddf65c235c61ab882f8ba49fee3d287ea771a16fe3e70d01d3935c 1580883297.5098555 88 
1580883297.8760695 cc922093b91cd117cddb05779b22981227e3ac906779427a682bea828de22a08 1580883297.876485 88 
1580883297.9142268 bcceb13efd4a2aabf2c02100e48b28ef906af8a51399077b8da3635b185695f8 1580883297.9145637 88 
1580883297.9344826 2147ffce49953f6f3a23c0b8f691895d31bc770ce7998c1f7e67b080ffe23436 1580883297.9347801 88 
1580883297.9762244 0b80b3f7e32aa6a56cafa0177a587e5cecd6f9557430ef42fe73045e34424c98 1580883297.9766963 88 
1580883298.3091772 197cbb89519d9009ae63a706f05aa16a2e61c78900b49a53d6533d0df1f79a83 1580883298.3096187 88 
1580883298.4124062 8461fa1b4a34f3136d7c948f2f4553e904a283cb914a1eb1988bb3769865d672 1580883298.4128878 88 
1580883298.4531012 bdfa6841f670773750dc270379cd05291f46edcabb267e0d40f7376302813bfb 1580883298.4534543 88 
1580883298.6028523 93abe469043464676d6d796236a33720c6c7ddeb44c5eb34d777df09873e20fa 1580883298.6032453 88 
1580883298.7289565 2e27076694351e70cec24ff8bec1ce6a556abe932dd0a943e7ce32c981b1a57a 1580883298.7293854 88 
1580883298.8525946 60b6da9cd5408f8dd9fe47c15c6315a5ff80a4b1a9645879d82ae9efb2af97ae 1580883298.8530476 88 
1580883298.8926632 9af51ff4947110fd8e3bbafb6bc343568d8de764d3f14bff4bba750b3f48396e 1580883298.8929884 88 
1580883299.0593834 ef9237a8ce5e9956542aa5009aadfcc9ab3cbfdfa7fe022c0c10312635fa6b02 1580883299.0598316 88 
1580883299.4059532 9a0b0a66fd9db9ceb96a2a7fbc4be01e91e63c57739de96f1a3421bf09e6b198 1580883299.4063933 88 
1580883299.426941 0a0a09fb01e15910761b82df92b2261fcbafff70a540e5106820aec606fe0455 1580883299.4272254 87 
1580883299.4350872 163d474e91e9f76a0d6dc2d366a08debe942e2a8e7606cdac1560c0bb0f61f5b 1580883299.4353173 88 
1580883299.5276408 d6817a7e8964bfe789e053d15da588cf6ba31c363c92bdc27c531b271d4776ba 1580883299.5280325 88 
1580883299.5476487 b892e34161812df18ce4ba8d2a97b25a11c81aa731296c3630782453a3c19560 1580883299.547897 88 
1580883299.5678306 8fa9cdea8075214d165f4c2dad205661e62074cc3a192af0a3b03b26b4d779db 1580883299.56809 88 
1580883299.5717685 82354a50f56a73351894fea975be35ae9bcfc4982f898983071f06ed085633f8 1580883299.5719776 88 
1580883299.5965712 94ddb990e1317da8ebc733f7e96b04bea55e65c0e40499f52e0f586fb93403d7 1580883299.5969024 88 
1580883299.6057093 65e6e36a35be39d86f2ee392fc11f308e7fcf3e0c9dc6512f566208b1b2d4a59 1580883299.6059422 88 
1580883299.837842 c1f7917b61f4598b0d580dfa0c1ca850d20b6ccb94b78ee03b3d1a79250f387c 1580883299.838268 87 
1580883299.9325354 9bc9ce651010c29d9529a951f2de0d492a4af86bffe4ec61f086d8f882483ce5 1580883299.932891 88 
1580883300.020292 151907dd4d54c337b35f95fe76ffe78fb200f1fa7b99e9d85ef0298628678c07 1580883300.0207624 87 
1580883300.2485342 8d1c6135e3d8f6c663cd79a03d28a969c72cdd99ee1e63f241001984db653e40 1580883300.2489142 88 
1580883300.2516432 156318c4d84339c096fcf24ffb9770b22833b55ae5534425b87eba709f668f8c 1580883300.2518487 88 
1580883300.4173028 0a569571f4f904ca027a725c0e3120c5d3e09978c4a642c0d5c972f2fa6b50eb 1580883300.417691 88 
1580883300.8204074 6667a8c832dbd4522ad4485ac89e19ecfdae84e162139698d9358cc273bf7bd1 1580883300.8207827 88 
1580883301.3155184 cc2b0e30c41d05c133fa06405273d23f876186160f2af88e366d18f80ccda007 1580883301.316001 88 
1580883301.5564976 226173e628177ca7e68feb82ad96a1f7e3843e74dfc2ae54cd29c1cd447a31ba 1580883301.55696 88 
1580883301.6193726 36e1d06742f092d6c49df08eca03fa980199d62b02e0e76812b076a26eb01f9b 1580883301.6197464 88 
1580883301.7953544 ca01cb3555d06f207546b3024392abb73077dcb49d664c1e6c2a72b475cc4ba6 1580883301.7957246 88 
1580883301.8070433 feea3e2c0c4fcfe8f96c7f0d95daed2f72e5488ca1d80196f332912a5ccf13b2 1580883301.8073177 88 
1580883301.9460042 9180e00a978c405bd4b2e310203b8be799353a9cc069d732ed4628b6900eefdc 1580883301.9464815 88 
1580883302.1375692 e06de707f18b19c0054e287f9c712566cb1f02d0d1e201b904a2d26231809274 1580883302.1379416 88 
1580883302.3037832 1f05333babc4a60534d8a8235bcf8275a362131209d729fc204bb7a32e34e369 1580883302.304269 88 
1580883302.309633 4f0ac949c65b7f8f0bf193dc2c69c2a8106ec72f912544c79ef755bf530c9ccc 1580883302.3098662 87 
1580883302.7904727 1e272167936d30741f321fd9bf7fd26b7c2dc5ab7c0f34ee4d6bdad82133cf9c 1580883302.7908728 88 
1580883303.051552 66c34101b354c1137def5bf70938664e3fa21aa1c50645ef738334a792a6d6d2 1580883303.0520134 87 
1580883303.1809118 fd1d558dc3262193460c8f2d271ef0edf566fb063a25d90a83067d4c05557d43 1580883303.1813507 88 
1580883303.7387536 d88be4940aaff7090aadae3bf6bea92c4875186d197fa83b5e529ba19739c136 1580883303.7391484 88 
1580883304.1708634 dbc7049ee7bb46ce0b946dcdc8a72ccbfb1afc890ad0e3efcb41f544a93864cc 1580883304.171219 88 
1580883304.2672844 f3fa72260fcf4886f8161704679dfa3dfc9efb1408e3d592c353c0d34b64da76 1580883304.267697 88 
1580883304.2969856 df354c28628ffadd53d20e99f67fea81c8e1b2469b7ac658c46d54ceb6e9cb93 1580883304.2972667 88 
1580883304.3898084 564f394620a89a3e61d2fd73c895d121a1de1790890587de588b9db1e26b4121 1580883304.390259 88 
1580883304.407214 ff635f8544a3cfb50d7a50520f60e6c13ee38258a87f85657095f6512e2edf65 1580883304.4075925 87 
1580883304.584894 a12982b2a9d062a7680a077a7e0dbd5f1cbb2bcad03026f97a3dd83aae29a58a 1580883304.5852642 87 
1580883304.7305262 c254a748d0c7ddc3472409bed658def145b8fbe66a3ee8c93426563c7144ec6c 1580883304.7309923 88 
1580883305.0746841 e09ed32cf446de8d8c3473999e142ec4a8fbdd38cf535cd79c28f2f9c96ce45c 1580883305.0751755 88 
1580883305.59333 d701b58dc5d1ba626f200519a98236b70788a38587d3b9fd3f31067574d0db39 1580883305.5938408 86 
1580883305.6524713 c09a45bd450b17378b5fd2fe4269bb398737cd4fe48d0fdd661c158cb97f3753 1580883305.6528647 88 
1580883305.6932054 916f0ec2c8d4571f472d41d3d3b6ae4bbef4af1a3dd88e92b04d60a3de04ed79 1580883305.6936507 88 
1580883305.915798 e552e6696436aa6f1a1c468c55787b95721c0858444b0b5b69d66420c02673f0 1580883305.9161649 87 
1580883305.9500136 7f388e1eb54e7572fd002c37f38820ddceff88ebbefc570d27f31317e92801d2 1580883305.95042 88 
1580883305.9505694 0fc3e46d92e1bac8f757a331bf33028ff241bac102aa46a68c69809cf27bc23a 1580883305.9507837 88 
1580883306.0377698 357fab1ac5e172670dcf30e75dd586cc5f1d52517ad584d1d8c206d32520b134 1580883306.0381892 88 
1580883306.0470839 54b9a6dcc150ca739f086cb1e28fddf1f43a6196399a6663b81b0f36b8f28f2c 1580883306.0473065 88 
1580883306.4187536 a00b33da2895f9b41f94d7f7353e6ed548f64149e029648c8fe4e7f8ed1abd75 1580883306.41924 88 
1580883306.5216048 57810beb4e0fc6e42c5961d270f4bd80aa568f573cbc9b8b2d87686bab010c60 1580883306.5219812 88 
1580883306.715526 733f20440719493756079e128e222b3d20efad81bc3bfe2c6440fde7a12e2ae0 1580883306.7159069 87 
1580883306.7511811 1a0b9db9b01d336eb7c880f771103d5c0d2ccea8ce9023f20f45943d90724619 1580883306.75148 88 
1580883306.9230342 094e5282d348f09374d2111b76f04e89973521993c6d54c524c18f1bd6815148 1580883306.9234443 88 
1580883307.0970175 97f5a2adbdd814296e55d08b681cb298ac7f4b73edc9bf050c1a33df302df697 1580883307.0974874 88 
1580883307.270658 f25d459fe77a975d779c6642ebbe449ec6dfa0b15c37c8c08b5af6266d62c65c 1580883307.2710392 87 
1580883307.385011 07ce4bc3f474267de57cfc73d55a1665f557e923ec2182b39c6f1bb8ae6b33f7 1580883307.3854516 87 
1580883307.4664035 b78164b859cf4b2c097cd1ba6b0a6b048d974791fc5589e412e44bf8596c1c2e 1580883307.46679 88 
1580883307.7948954 81917c7756ca617ad66d10edce7b2f129a61bfc979a41ed568038be8689908f8 1580883307.7954202 88 
1580883307.9287357 8b5ac8d0b3266f18e61e5510840edaf4e59e61c4d618dee475d024bad9addca3 1580883307.9291723 88 
1580883307.96286 ee6e0723f5337239f07b7f6ea58bd0f93d2b640cb296c9aea623d400d2557dbf 1580883307.963223 86 
1580883308.5704467 da82315402eff62b5baf56b0d1105f20ad2bee20ed05a2b2dc0d39c351ca6c8b 1580883308.5709538 88 
1580883308.6412675 9dc167fd029a754fee442eb88f77e375f3c73d02a2a8d31bb795871d9243388f 1580883308.6417463 88 
1580883308.8177612 5171da9d93c029d6574f529e28bc15713a59c708271cd869e797b7cba1344ace 1580883308.8181674 88 
1580883309.2986584 81b275784f80b713e0c67eb33de23342a3be39bb05dd1affae5b95bf3231340a 1580883309.2992282 88 
1580883309.360628 18708a89721d1dc4fe77bf7d7f3696eb6ccfe186e0b3d485fc05a8efe9cf5abc 1580883309.361103 87 
1580883309.5423286 040c280a79376feea945561add6e9cc4414ce59e7f03187f7a60ffce05d9fccb 1580883309.5427008 88 
1580883310.1303205 553d9417e940a45f5fe732a1c4345720bc0c0949e06ffb230405d6574e261144 1580883310.1308405 88 
1580883310.2823684 5fd63632d77de1967c0be51b8cb4bcdc9913bdefae2b40563b6fbde25cdd72ca 1580883310.2828286 88 
1580883310.5294473 224ee7ddc575db85a89bf71cf9302f8285aa403ba2afa293aaa82464d3b5e672 1580883310.5299072 88 
1580883310.7793746 27b67825813b3b5a67fa1910678eee22575adc3b90ca8ac9c229ad7d3d4e6d11 1580883310.7798893 88 
1580883311.0745704 22769442471ebf81af84a138ffa22ef41bd4e4ec269079d9b9a2c33bbc306b15 1580883311.0750818 88 
1580883311.2217803 75dbd795041a28206c28527c892fc5ae2c117c67c23ad45dc1e56acc35870653 1580883311.2223155 88 
1580883311.6136482 7692867a01eaacf9f0fb3300f87bd9694a30c781d98b0fa933173ee6068d099f 1580883311.6147408 88 
1580883311.6246774 5945a415ae8573f2537bceb741945c629a9bb5f2d225508bb80429617f33a0b3 1580883311.6249387 88 
1580883311.6781158 f056342120766fbd9b20415dd56a29dc6124957feab1c370af8a2616ff742b05 1580883311.6786382 88 
1580883311.778965 38e3ce6f8abae69d2808174e62447476f75a031a53d40216ea1552f81ce58695 1580883311.779401 87 
1580883312.156114 bc00c8e2f24f09d38107a5485be84d48e5a20c360efb5cb29a282538bcc1d1ee 1580883312.1565998 87 
1580883312.453299 d68adcb5cda3f5c2114ef1fdc2fbe37bd72524e7f988bf46ba29131d0e9311a9 1580883312.4537115 87 
1580883312.4877517 6520e13c27ac887fe20f0b172cde86ef706f8d2bbc685c44edd36f2f8b41318e 1580883312.488066 88 
1580883312.7291994 97156e485dafcc35c851a850c1efb9a1d94adf17df91ee2d5b68b39bcd8b6ee6 1580883312.7297306 88 
1580883312.8244927 d1564af577235183eaf203f82642b7fda764e8dd8428a57cc9cef5c06666fa1e 1580883312.8249292 88 
1580883312.8485255 59dad3093325c3d5ff2f712be635580bb01ca5543cb1a63442131e1beffc810c 1580883312.848888 88 
1580883312.9005375 ec3f63b8d7879f684757adf45154066061b135bc3cb9819e10b67a9bbde03529 1580883312.9009497 88 
1580883313.6709864 49da167b39d55fa48417f69502b527336ccbd948d5f96f66d854ab639d207ec1 1580883313.671396 88 
1580883313.6850953 e8c91d80dbc0f526b346122f3cc9b8f6298f02a7f508c50c2343dea74b0342c3 1580883313.6853232 88 
1580883313.7045672 09ce01d30c1cb341c77be9b8a2af936bd838d0c9be11324800e53aee04d38121 1580883313.7049031 88 
1580883313.7583175 bab2892e179c22e8f2d611e964a6bca083ba9cd9ed33911be80193ab6398a364 1580883313.7586815 88 
1580883313.8351526 df1a5b937cee215997bc7a9ac1ecb6282d396b98f16965ecad2cb63d114856a2 1580883313.8355467 88 
1580883314.0944989 a71e93c5ac542e5bbdf3deac86467a4f55053c904651983c6d931869eece5d8a 1580883314.094916 88 
1580883314.4186327 779c7513846e6c151e03acf5846ff663d5c8bc0e9b75ae906c22639a6424e5a1 1580883314.4190323 88 
1580883314.5172913 401074ffed3ef9cc82f074ece79006ddadb6615a05571c76c31e2d45cd542636 1580883314.5176828 88 
1580883315.2445421 878d229a3d634a5f24d07260d54dca399518058f37d1bd71eb0ae3b81ba085cf 1580883315.2450604 88 
1580883315.4331043 4bfdf11001428d30fc8b8ec8283450e3a7231779c8b5b84624af819ee16852f0 1580883315.4336724 88 
1580883315.4530823 efc65928200c0f6525a5792cdda6a9eb2fffbdf0914108650e367b2612fb3a52 1580883315.4534545 88 
1580883316.161733 e3368e96a38c0e7c9e865609458793df1a90870fd08259621f72d2c8aae34d59 1580883316.1621056 87 
1580883316.1972258 30c25485090fff00b80fe9e8d8563c7b926652210bc968507ff422ec2f3eb598 1580883316.197797 88 
1580883316.231329 50ce5eec00d810d67f54afab620af5776347705edab1f4d0aa8fc803a714b482 1580883316.2317958 87 
1580883316.5655725 f0cccb4a6ed595d9bba6ff553c642ba22251e5ac50459fe82222b3fb6f7483cb 1580883316.5660632 88 
1580883316.5800717 77f392efe95d84121a88f61bfa147b7e20f2e4adff200d53105629f079458a88 1580883316.5804398 88 
1580883316.6139174 92384ca356828454bfe282d1185612cd72f2439cde86dde01d6027f85eaa1622 1580883316.6142638 88 
1580883316.6347392 85479d6259154380340db0824d16f2a5d74c7839b7099fe2a40b54a0a08a6482 1580883316.6351001 88 
1580883316.70418 26f44ed4c743e269870aa09d59209049b98d29059d13f056bb69bf6a4095ebe9 1580883316.7047188 86 
1580883316.7983818 11f893659f224dfa3b8674b49dce681ff1e22ef718cab72b13f5af9d01892141 1580883316.7988615 88 
1580883317.402577 2b8b6233b78421a2b0b0a4ee32fa9c0f15f6b1d757410c4e62721323f9f27005 1580883317.4029756 87 
1580883317.414125 f411acb951c2956b11d9611a30b1faa25a70bd9ca522a35112f94a0712f477e0 1580883317.414421 87 
1580883317.4698534 3436e65c27a2cd4a84d46a36987deea8a06228f1f88e9fac49c9857d53651ea0 1580883317.4703934 88 
1580883317.6181953 572d42a5cde7b65d05f86615ad9d4006b626e3ce2a73aeb6daec6271d2154268 1580883317.6186974 88 
1580883318.3135037 b3b9b9c310fe0ec2a40a23e5a0c5b7c205e39310daafcf6ec98bd2d03b8f8964 1580883318.3138802 88 
1580883318.8348505 fc0e6d8fb77467fdbf393b85f656b92f3017beae024acba05f2dbdfa11c7c4d8 1580883318.8352354 88 
1580883319.1918378 218803b26a577d26c3da900d6f89e8ab5da1aa99fc8e41aaaa33bc729d9a473a 1580883319.1923532 88 
1580883319.596726 15a52fae5388464492e3108612d77b62549167373b524bc4f462719c2d3e2871 1580883319.5971706 87 
1580883319.7662153 72d40b4ac359f1d5ead59682495be436eae6917f15f89f591c03cc5b8982359a 1580883319.7666652 88 
1580883319.9067564 8719447d00a8c0105cb85ea39df6b726270abe50d134c0124e04ea5030cb6713 1580883319.9071474 88 
1580883319.982465 ebc46a6fab3c0a9dac600abf80fd54b756f902688610fd98ef61851e95b47ffa 1580883319.9829338 87 
1580883320.3533988 597d45e06f9a1b8213956da8629d18e720baed6c8842c40855e02e400dced667 1580883320.3537831 88 
1580883320.4709616 ea710fd24a6938d3ea6976f9ac1bdeeb2e6bc5c9c5906f0e0b93dd3ae74a790d 1580883320.4714565 88 
1580883320.6359324 b98f8c477222bc030957a07aa3e92b4c0f2dbae4502134e33575c2a8b914b969 1580883320.6364336 88 
1580883320.862735 970f2d7ec309e92f442dc2be5a852e8e497ec92b825aa1293e9113cda83908a3 1580883320.863219 87 
1580883320.8965075 f12d48a1955ab100abb1947f78524a902a2a9729ab3212c5e2d78cc77b95dba3 1580883320.8968513 88 
1580883321.0198076 d84a9cbee66faa845fa631f1bec58a82f4828355533c83f30372980d230e6f76 1580883321.0202284 88 
1580883321.066323 6267e841fd7179f1aa5a260301d8f6fb83192c9f39380cf7979e739573c7a4c2 1580883321.0667865 87 
1580883321.3803196 529910aecc79209a933583cf6611bd40241459141d27a5db701ebc0e18a767ba 1580883321.3807006 88 
1580883321.6559396 830264b7f3bc4d19a24c2047975d09e3c1643d751c66c40ee3fe0909d31e0e6b 1580883321.6563237 88 
1580883321.695075 2294d869aaab11441f9d6b6ecae1cceda5b503e0ff14a7eaa44f1d8719e68d7c 1580883321.6955037 87 
1580883322.0364397 2f48d551510e1cb9581e4c0b4dba9cab8944d592b279954fa6607f562cc8a3d8 1580883322.0368125 88 
1580883322.0612426 bfc32b2353aa1b79ef84bc2588b21b0b865df54772bddb5af2a71484df557505 1580883322.0616388 88 
1580883322.114318 7e971216705cc86f342aaac557d00cb52ff6c93bb5b8c8cc809b959d59a514cf 1580883322.1147523 87 
1580883322.3157785 283f8a77353a36d05caf6ab14c7cd935506b40285ca8f9a679fe4bc761e8aba0 1580883322.3162572 88 
1580883322.5221436 0c6cec924ff1ba476f2d8c3b462e682d420c3ff5e57066a02c57bb3f218abe9e 1580883322.522654 88 
1580883323.1957598 5ca3c755c9af04fb8d950ba3c9c0d8f7af136e503c5643d8672ba4ebe191eb00 1580883323.1962433 88 
1580883323.4423866 c9bc4e9100459b219431c7a1548e06010ba68294d16b2162e83cea07d82da73d 1580883323.4427757 88 
1580883323.457055 9fbb0d0fc19b1975160ff781d602a599819fb91b94bca7a7d860e2d31e97998d 1580883323.4575336 87 
1580883323.9834049 afdf44a165170bc2db3cb54cc4c5d6bfba4fc47302bfe76876d3d7c2a667df31 1580883323.9841895 88 
1580883324.0875156 21ca2c1798c79085100871df5379edcd52131930753d49aad53bde059018c535 1580883324.0880318 88 
1580883324.1324885 6cf2996ccb4ae7dd9629f9f1ca72063a8689cf7df92168a37a1282fc17bfa7f8 1580883324.1329582 88 
1580883324.2767947 368e62c4cabbeb92bef02db1d53ae443f73c6067d26cc3b959805b227e49de9f 1580883324.2773426 88 
1580883324.6637518 702d88ef7f55172062843b60d6afb71371c5b16bf188de889fa1c6fce4a46445 1580883324.6642017 88 
1580883324.8093753 de55d0194c7e9f4d6797a0503eb56085dee07fda8be08dfc2f711292cfc00e27 1580883324.8097887 88 
1580883324.8365154 26575bd86a842dc94914e00e8bce62305d1ffec7e688c12a482817709a7198d0 1580883324.8369534 88 
1580883324.8658679 1ca53332c8cb74fffd58bdc8ff96e28b6927c7157cab3fcff64c85b7c4b283dd 1580883324.8663158 88 
1580883325.6811085 2cfd48223183b00d808be031900711cb5a3a7816a689463d4fbfe1406235d81a 1580883325.6817174 88 
1580883325.743004 65fbac4bc21a5b2139eaf8670b4ca46ba9e054be2b58d721f30f48e264c1a846 1580883325.743441 87 
1580883325.8160741 144f448775bcf96ab6f8d1880dff336c9c6a24b9b6e3d0481a78aa264453dfe6 1580883325.816493 88 
1580883326.1982553 7c0bde4610912765225aa59aa22d39e9db357f6c4fc1e6af6c4aee7a2f5bba5a 1580883326.1987348 88 
1580883326.4418752 4711e4d3cfbec5d0791347d521670f5a6bf552fcfbea79e0c2af9af0fd1eb83e 1580883326.4423554 88 
1580883326.5328472 092cd965730c62533e9dedb6c7549364bcd3a68618c3895b40b4c3483938c231 1580883326.5333447 88 
1580883326.6332717 0682bdf23c7999647f3752b6e19d34d8c5ac553d91b0c1a7dd6f1f535edc07f4 1580883326.6337078 88 
1580883326.8067868 ab93d2fed162adf105d1e0fddeee99cd428d61a61db7d755b972c41c8d0aa3bb 1580883326.8073397 88 
1580883326.8871942 67aac8708813f860f7a3447bb706ab5ce2d52357444b9aa84f8468e36209d8bd 1580883326.8875885 88 
1580883326.9309573 dbb865d3f8d9a5ffcdeb5b1878faba4fb8d814c7223ab914d4604ba0368a190c 1580883326.931322 88 
1580883327.0204737 541480007c5b98e6dcd32a4e406a35e1713d16c71e313097e7ca84b93ec8ceac 1580883327.0208957 88 
1580883327.061949 8d721306290cdcfea9541099baf0274b09f217972191f79ce5e34359f925c482 1580883327.0622826 87 
1580883327.1450667 c04df88b325e2953e07bb20c8ebc754114508e2b6337ed3833d920cc7bad8aa7 1580883327.1454785 88 
1580883327.2031918 9c36c16cc9ebb2de98000a5d852ad4e4b0ea5ff19e80334c0bc89d27ac3b58c3 1580883327.203738 88 
1580883327.8777454 58637926c2800e8f75e91a99c8d086421538b12be237b423dd7505ea15d2cf49 1580883327.8783448 88 
1580883327.891691 1226667cd779f4b34a9a92b9cd5300bc9031370d1766f6909b7a035fbf210962 1580883327.8919635 87 
1580883328.1099236 3a9292f39c511df25fddb08775e62a7adf84d586bd916420621e99fea7bb707a 1580883328.110338 88 
1580883328.2581437 e4fa5fb757964754913ded64650492d6b23e20c543a6a8fc18e8d79cfd7203a9 1580883328.2585654 88 
1580883328.3791416 afefc26f611510bad668a50422abf5cdcaa8ef84a5bb2c53762a76eb274f9df7 1580883328.3796406 88 
1580883328.5238147 a124da2271537c999309fb9b4aa6eeeb2d809923cb5741ac0c20557d650acaab 1580883328.5242376 88 
1580883328.5729249 42fabc50ef6d75ba66371aa0a7955699da5866c7e27b84867925e5b5f36e5fc5 1580883328.5733926 88 
1580883328.6757183 0e60807186cec2ac92f408fa3ee44102b2219caf74e485e4b1dda2e49e9ccb9e 1580883328.6760955 88 
1580883328.796552 e8f7d5cacc9d18703a7aec3d2fbe87ea2f7aef5004b09216c49393c6d19f9ca8 1580883328.7970417 87 
1580883329.4626312 b44af6d4eff27713b434e4916b34c5cc2af33ec436698585581f1c3026d951de 1580883329.4630477 88 
1580883329.711095 b67f4aae912f9daf08ca0390feadec89537e08cc2622b38630fd0231ae0b1f44 1580883329.7116063 87 
1580883331.3635287 a1419d3705c88ccb14578081b3a62c1bd8683385bfdf1d6ca2db7ce46710281a 1580883331.3639588 88 
1580883331.6842406 f2249a80d9562a430e269485961839b4ce774c170f9bce38ed0cd3d4af7c7e47 1580883331.6847584 88 
1580883332.1253874 6e392ffce65923e008ba699f73c0b39048848bf0a331ddfaeb992d1289b26a64 1580883332.1258037 88 
1580883332.2082734 e7720c26efa0aaa168f5836a63a2ab0dcee82a9289c252106941889f324eaf11 1580883332.2086577 88 
1580883332.3013952 f7913e0cd931650500a65630d97774d690a34f169fb7c4bf14709376c902f65b 1580883332.3018339 88 
1580883332.5224438 d930a28ab0837fcd13c6785f6b8838e265a9155988a0837c363419b120adae4f 1580883332.5228422 88 
1580883332.8582535 ed6f18273fe3051f374ded2a52dee319892407f2dc7a3fef82443fc9a0ac97b9 1580883332.8587415 88 
1580883332.8671353 65167babb738be34d50bca335ecbc666e15209f396830b5f7c42c22563de391f 1580883332.8673825 88 
1580883333.4863808 9e3cad06f7b8b36eaf3aac066b1e617294b1b03c2431dceb4f27cc96808a433e 1580883333.4867463 88 
1580883333.569714 a082f3c92e924c09039b79c4a8351ae197f1315ead0e4bb9ceff0a5b087be339 1580883333.570198 87 
1580883333.588853 532488b8833bea344051e373163446d62f5f976734361127590430e83bf8043f 1580883333.5891416 87 
1580883334.2127197 00552eadf88619723545f4b04671bd3c10f685ff4fb37831836848284fa0fdfe 1580883334.2131612 88 
1580883334.2610137 1ae8d8ded022cc7354ebb7c3dafd517111b95a39929de350a1135c48aa98d5e4 1580883334.261465 88 
1580883334.278646 8f700c320283a7861f8d50af835c6ad38fda37c4b1d9a5155858b5bbd483612d 1580883334.2789016 87 
1580883334.3401954 2b0ee106db70b27aa00474e2dfe175c625a55231978769c8b3be2b5bca6a4ee8 1580883334.3406823 88 
1580883334.6373773 ae5f0385e64e9088ea605028b765d89112aa347cd1d836ae4193f4025d7792ff 1580883334.6378982 88 
1580883335.2692664 cb92017c4b66a4c3141979f1d57088e34bf81775a80b2238990e01106ffacde7 1580883335.269821 88 
1580883335.4145968 75bf772ecde44a28cb7208b3195a5ad00f8c27d09fa89508fab5f8f25e900532 1580883335.4149954 88 
1580883335.452815 e9f743b8d796ac97fb22e734075ea8bc968754bb26055da6f79142cc5ecb4f9c 1580883335.4531884 87 
1580883335.5215297 65b0d2def1544b010c5e09e1c8757b8032f7d645ac9f816a1f8dfff41497461c 1580883335.5218885 88 
1580883336.1231265 cd89b7a94044b2d65021eff7f53f596d776155a0ccacb99a108925f7857126d7 1580883336.123551 88 
1580883336.1501892 9ce2051b0cf26f8d66f2db8e8563741455c59934a773dd232c465ed6153f21d2 1580883336.1504915 88 
1580883336.635929 97db6ad377718fdd637129f512b6ee321667f15a72a2012871011db40bde94e2 1580883336.6363206 87 
1580883336.8724427 dd167539c62851151fca6c79b1912aa4c8d8758a4fbf25f180d9aafacf8819aa 1580883336.8728645 88 
1580883337.1620543 79b60f76413f084ed0ce684a9606aea57e42d554406889ee09f133c9c8d992a2 1580883337.1625876 88 
1580883337.183888 afd56e5fbdc759668a2c05bc195c3361cb0945df6e8ef67f3163f7ec4ec21cae 1580883337.1841986 87 
1580883337.2271483 dbacecdb6b565742739f1ea2091a56f315bc3938c457d3e071ef711bfaa68c5b 1580883337.2275589 88 
1580883337.387163 37349ab2e86173700824fd2033a490073d9f72f49534b7e5ee7b295d261464cf 1580883337.3875515 87 
1580883337.5939023 d0b5c2e208675b5033902591f689b2730a51917f42f0b355744a5c37da1a1b5f 1580883337.5944297 88 
1580883337.6765654 e1889df688137734fdd3dd6e870773822e572f0410aeb191c9ab1446de8f0104 1580883337.6769996 88 
1580883337.8532014 ff9ca2a9929cdbadf5c34a096cd01a7191e48361d30216022cb39a9be6ea554b 1580883337.8536632 88 
1580883337.8764617 191fb886806fac553edccc539d2def232a6b30f8c9e3618c14807b98d0859db6 1580883337.8767622 88 
1580883337.8803365 3930e05aaa7b515e574ef7047b30cd9b2f4f42e4883184c42b498bf6bd50561a 1580883337.880573 88 
1580883338.1413717 0d6f1fb21525695b486576717760fb0dd60bc2f4255ea31eddad250b5e3f0cb0 1580883338.1419895 88 
1580883338.2136233 bdca229867433d5f2afc7304d7c198e15e3ba11cb953ffcae1f485c08ae65d5b 1580883338.2140803 88 
1580883338.4784741 7868e00f184b8067f9578733cf7f28d8ff2a608d9e7d9c405646b742f2fa4060 1580883338.4789703 88 
1580883338.9888213 9d82b860fc8755f066ae0e2802566a294d631f61775807dbba685e7456c2f9a1 1580883338.9892435 88 
1580883339.057515 67322d9a9cdd77fc77e2d161c42ef0680577bda2899f6b3f4b7108c8902b2154 1580883339.0579708 87 
1580883339.0906262 ecfb8fd0011c671ebddb8c95bb9b66ed6e247eb50cbdb8af7e630f1e286f6ef2 1580883339.090928 88 
1580883339.4710953 a292c1be2886e44e851b338cc712f9efba4775a97a98b701933072f3790dc5f9 1580883339.4715128 88 
1580883339.5636904 24ee2b3b5df089a227ee03f37e0ea1c31c18075860d3fa0e610a68c5f40d6fe5 1580883339.56411 88 
1580883339.7165911 3f55bac7e9ead7b009b41729de22c27c6bd7c653b293c496062e466aeaff2046 1580883339.717089 88 
1580883339.8201149 1ec5e978c5a608e5ef6a3c3a099188e66b8d6cff410a888d0f37edcf7b1441ba 1580883339.8205483 88 
1580883340.0556147 71de43135a3a0578424bbaa740571a5574a82a5a714fc34a2f80abd8b2f6aaad 1580883340.0560923 88 
1580883340.4215703 951a82570fc43717f2a3a2afeb4da5f1e7478cf6002f6fe3b01f20ae6ac6a20d 1580883340.4219832 88 
1580883340.4561994 c5681e56a2890de90e5fd37e4bc6607c26f7c8828c20162b18da150db2c4e2db 1580883340.4565914 88 
1580883340.8734324 3e19e7d1b96032e0cfa182cda957b9f7762a2f391b40822c6856815678e9597f 1580883340.8738327 88 
1580883341.04874 eeb14c9a2dee7f94a95822e9673825ff319e176fe3cab6c6404ae4f04f402473 1580883341.0491025 86 
1580883341.0730414 5787fae37a91f54a6f9f6d8ea4308b45a8fdd9b01ac40be806ebb35e0db684b5 1580883341.073313 88 
1580883341.2761438 03995c7d05621cfdcaa2c49f96c9082925cae4e442e3fcd5559da3b6196f5bce 1580883341.276518 88 
1580883341.2804487 44d425f0d92066d94d25f8b2e27d275819b2d81f8713007f97d06158bac14bb3 1580883341.2806597 88 
1580883341.3255496 689946b6cff121beeeae1ef2abddf8fc1b63b60a10f74b741c2a0654f67de69c 1580883341.3259585 88 
1580883341.3349786 77c179a05118ad9105914dad69c84391972ef451ee048b71ccb9073a30f62bdd 1580883341.33521 88 
1580883341.3452253 2118d3b147b8c312a83831c4c490fb9ad718250bc9a474b59bd0a53ff54cd60a 1580883341.345465 88 
1580883342.1571243 0617688f4935d2cc07de3479b344ba84aa8db692ef0e05b6218c5b17c6e1f07c 1580883342.1575513 88 
1580883342.4546032 34492d658e12cdf05239b6759d0c662a6fc1121b7d8c944613a654937da7b814 1580883342.4550436 88 
1580883342.7082622 252746550612bfe71afe95db627ec29c76b7b39f0dbe0214d870d381710d9a7d 1580883342.7087138 88 
1580883343.004816 aff4de195d9f089e18f7a7a66f3fbff8e4b0658df56fcbab15b36730db5d3820 1580883343.0052073 87 
1580883343.139973 23c4016a5950fbb686b49ee9d0b96419de8668015baf8adcf0c938ac31d5e1f7 1580883343.1404958 87 
1580883343.2302253 60cf7a26643a3118e0c868f73f0995c4b0a8552d4298da1217dc94a7f28cd258 1580883343.2307365 88 
1580883343.3608289 d9f502535d1e3b50252beabb15f7c54a670ed85b9236ffff6c25ee465d776382 1580883343.3613596 88 
1580883343.3973362 4748091bde9987eb5b23969f23907a34fa6b9a3db37ed56c517c61d0ee5d350f 1580883343.397734 88 
1580883343.4053288 647b7e588728b8b8d5bc780662983550211358844cbfc5f32a331d4bf134b5ca 1580883343.4055836 88 
1580883343.5443652 b83ad6aa745d69749131bf23d883102708ee685671951d8e213a3c4398aca87b 1580883343.5447848 88 
1580883343.8317792 66f4335211e47150f4f9d8e9d20b60fb1be05deb3ec001dfa72c78f0b6b0794a 1580883343.8322868 88 
1580883344.0813227 d6d52fa421a9138134c7f1a74c340e2caeca5c17a3c2f563f8d091aab37cbde7 1580883344.0818126 88 
1580883345.0399187 e8f71a88e4f232309f4c5a4ba44b65b816bf598a4b58e83d4dc2b6a2c38a9fc0 1580883345.0404153 88 
1580883345.1648417 f4fc5a34a31147510f319d9bf806c4e75cdc711ed27eb75425f4a0042d4e5fb9 1580883345.1653185 88 
1580883345.3283765 d43cd1a7abcac57afd676cd92234dc6adbee6f163a01308146f8d98277dbe4d8 1580883345.3289144 88 
1580883345.3657389 d1d239f0f270bae72bf452d964db47c41f79c6f21d5bb3aff9507fa98cdfa923 1580883345.366172 88 
