1580883241.4693344 73acaa9a784aff352662d37702bf2bf3e49fb658e176a35ca2aebeaaba5b6699 1580883241.4696329 88 
1580883241.750407 d4f64b7c281073a93d38071dcb400a1184f292df68254ee8576bce457a51c35d 1580883241.750827 87 
1580883241.9408522 85ffaecb629d70636febe9d8500740561a1625838cd0171f0e345af195998890 1580883241.9412656 88 
1580883242.4887686 dd7824d251477f073729e6c0e394e0647e3e76fcf8267e03f5523dfa0040eedf 1580883242.4891477 88 
1580883243.0687218 d93d18ddfbe9f96871b34656d948b86f04c746afe4f6228e179aa929cfc7172a 1580883243.0690916 88 
1580883243.604547 9466d73d260200d5351f626ebbe6308dda9adda479203ade7da1881a3cd15e54 1580883243.6049182 87 
1580883243.67501 30a544d54e0d4c30d306095df3c5118effcf9c12cbb48dcea70eb4b0d1003678 1580883243.6754858 86 
1580883243.81706 5cc7f4fe5ad2cf07a556fb57e2649f3386678fa13335cc8eb954b088669a8556 1580883243.8174007 86 
1580883243.827005 114e3e70ba572d95597690dbc56dfb4d178566de741c33603829434fa5079d7d 1580883243.8271976 87 
1580883244.0075812 b12c5f0eba3d74608a49a598fb35dd9e1a62094fd5e76172d41184828c48a940 1580883244.0079787 88 
1580883244.4642808 9be3e5eb215ec700cd4ed09782bf50d3cccb0b9e94d0fcd7edb2f5ba5fe884dd 1580883244.4646966 88 
1580883244.5042899 398ebf48a5213a58ec36692ee1d05580464b2bcaa52ddc19bf0c6f7ef68f5672 1580883244.5046585 88 
1580883244.6315634 4247ddc2309fe9b01d42ccb9df554811113908a816f95e4cdb38997b477fc3a2 1580883244.6318977 88 
1580883244.818909 1b6cbd5aa0c48441619db7bb51888e9830b70dcfe3312d830639447a16f2ad40 1580883244.819356 87 
1580883244.8321974 e683763a451eb126655fc9219616648e0d09379251222222d426859370ff593e 1580883244.8325255 88 
1580883245.052087 93ccbd4dd70eaf30c91ad65c7e7f53fcfef266b1be02874caa40feae71f5686a 1580883245.0525043 87 
1580883245.0959833 fe2defcacbb22bd7556e29c8d52df363677d180ff840653379b813881fbef452 1580883245.0962932 88 
1580883245.4221036 2a42edc39ca1f9eccb3df82ea043b0fadbb05f300c13ec2bde3fe32f6c1d7caa 1580883245.4225395 88 
1580883245.5771565 495e75b494eed01ef9c4d2a3c3acd85ad1a5f1d22e0779286f22f0cc1cc1751c 1580883245.5775163 88 
1580883245.6744163 4b7866d25961c822c11ba2abbf1eb7c2441aea8e3fa239f70a0af6bd1fad3e61 1580883245.6747673 88 
1580883245.726804 8ee212fb71bf9c75a6827451b2780d20e0d794f317c358b610248e3b99a53c0a 1580883245.7271645 87 
1580883245.7620347 596424a7770d15f100fd18aff496dafb62a8837ecd3d1f68c373b9f0ef750476 1580883245.7624338 88 
1580883245.9831755 c04a11ec59aba2079400b567b5f62b8e8e22d4494fdcb70a5353c5e1a3debde7 1580883245.983517 88 
1580883246.1948986 33538b51eb3202e05db25303963f432e75f580893e8e0d857d76284fcd3018b0 1580883246.195303 88 
1580883246.4815695 85d485c847ca411efc4756be738ddc3e142ea8091c15475a405c4fba11d15a56 1580883246.4818373 88 
1580883246.5020747 c3dfd364eb8b0654dbf95d601e0b985079117db9555092a073cb6dc0b437181b 1580883246.5023887 88 
1580883246.5726817 36d2a5b7cd2a3190f8f28ed066fd8429db0ba83fbc8eca761917d00a28b69cf5 1580883246.5729933 88 
1580883246.8199975 9c536051a3368c35dda986a11ad78d877d87dff2d44ea2eac7a2a814e2ba30bd 1580883246.8203216 88 
1580883246.975493 6b4c9b2e3c37b07106ecc07333796a15ffe7b0ba3eaf70d7bed96f02a19333ed 1580883246.975808 87 
1580883247.388397 ec52aa67e53166f3eb09be83e553f3649c78e034af93cf5b2e77016c9cd75dcf 1580883247.3887346 87 
1580883247.4557085 c0983651770f013e7dcac75c833458456b915d16f242990d0ffed0c561b31bcf 1580883247.4560957 88 
1580883247.5604975 7e5229eb7eb65bb37d39dcf5e66c222e2c4bb3a3cff27ed06d46ef869d436b77 1580883247.5608642 88 
1580883247.5817993 51566c5059bd364d266f2a907086ec5ab940130ef44b8ffbc17dcb3733740b44 1580883247.582067 88 
1580883247.9708388 877b4ef59d1c2afd2e469adcfe8048f0d99edb5a54c601dc13f89c5fb7f9d82f 1580883247.9712756 88 
1580883248.3801885 da7a6ba4f40d5ee11f6c4e49437933eb0eb81789c48b8de3a4bb7a431e5e9215 1580883248.3805852 88 
1580883248.3998673 27fd87f040aee98c46b7e6d98f51e847a1e2d1aefa55fb45640e911de6fa423a 1580883248.4002414 88 
1580883248.5165474 258241bf350d4d8837a4215c5e121ba2ff63eca570a7b31feb3e60bec7ee273f 1580883248.5169277 88 
1580883249.3118894 eb5ad0a6f736381f1691a92f27ca3b7739e78eb44015488514e58601f2fa9419 1580883249.3122354 88 
1580883249.3395996 f78d186c0c2c59079b1c128d11526f50c25bfb56eb25457191715355c144d05a 1580883249.339876 88 
1580883249.5364878 2a1bb5bf838ccf506f033681530fcef0dee0c656cbff471820a4dbb6822bcc65 1580883249.536858 88 
1580883249.6217437 004ca4003af87103c51c609b102eaf69752345012b2de8af84ba8f4f1087325d 1580883249.6221113 88 
1580883249.6673012 2f51a3c34534bc6c699d5a6b07971ec7e557559caf806a3b5847990e5b2bda0d 1580883249.667605 88 
1580883250.294255 90a47e9953b9b824261f59906c0326fe2863b17ad8b11ceb6aab9f659445ae14 1580883250.294733 87 
1580883250.5434837 71ebd0c172ba35507f6ead47eeca4348fb60c5659ad7f20e93f1fdca3c3df2c0 1580883250.5438585 88 
1580883250.7801087 cdd8deb17c83df44243dc30892d0c8322f84931d6a4aecd83c8280586f8cac75 1580883250.7804346 88 
1580883250.7855868 4fabf2b555efdea1d82fe1e1e063211e1842ca81787f95c326dcb1dd95d73f93 1580883250.785749 88 
1580883250.9520864 eee5674462d02351da8787fb00de034598a3b7397edc60f52766e2af17f413e7 1580883250.952404 88 
1580883251.6100924 bc5523c5c7c0359a6e31995e9065a0a46ae8dc3cbb7ce2e89a1027b3831ba14c 1580883251.6106057 88 
1580883251.7209442 4a41fcc685784abe74e1fe945d998c0035c5ca02ece73070b629c0b96e5d4471 1580883251.7212546 88 
1580883252.088492 d5a9ad58cad0690468dc1e6e42c25bd9cf61fa28a0b15ac8468c411e3ce695fe 1580883252.0888574 87 
1580883252.6568298 09fcab4ca094f185b4a44d21be1d588f0be5df9b89f252acc7b4cc5ab666f324 1580883252.65724 88 
1580883253.337139 0033c1780e0b46f7951861bf6f464f5ca73597c53e9037ea6208a4b368b72924 1580883253.3375194 87 
1580883253.3929958 365839c6f672dfa4d0fb1c83e65b45d13e9745e1ab486f7e8aab26c25475089f 1580883253.3933568 88 
1580883253.5436301 5bbcc87c66d58c6abcb05d79fdc6c704a7205f4c0bec88bde48360b58ef26c9e 1580883253.5440714 88 
1580883253.5717824 7e9feb48bfd3c1e149ceb8288e9bf58aed6eaa7273b2e15c08ddad643f7f3079 1580883253.5722184 88 
1580883253.8097365 ce30aafc0faa8e7ffe09e83b273392616baab58754f2a1c77d0374848c8eeb05 1580883253.810221 88 
1580883253.810439 5f89899fecc713ca9ad90289dcfdcf8707215c8e1817547257362ec1610fb58f 1580883253.810598 87 
1580883253.8506916 8a4f502999835d1e0784f8a02c46e767a94cdbf46e0e0fcd6943a9c3337075c9 1580883253.8510268 88 
1580883254.1764138 c1d76f48360cba6ac3aa70178d426fb523ca54625f3f5de849c63bb672d46dde 1580883254.1767762 88 
1580883254.7958007 19d2f230293c6b13f17b0818c65d98ca75f7b61ed73ab6a889579993fb9b6e83 1580883254.7962637 88 
1580883254.918716 cf70decad292ea9a7f84ccf3c734726ed5242cb166ca8c2c728e4af91849e4e7 1580883254.9191396 87 
1580883255.258239 b67e02f2dae4a054352d2740d6845b4be1d4dc88272ac307fe3144eda5c0a3ee 1580883255.2586446 87 
1580883255.2605045 4021e897036eac8a78bb94737fc7878100a598ec50198c2911fd8badd40ac419 1580883255.260698 88 
1580883255.586583 70fce41ca7623da04ab23ac8d9a346467d07f06211b5b1fcccf7dbcc6c24cc42 1580883255.5869956 87 
1580883255.7487087 70f4beb8482b14f51945fc08635687060f1020366c69dcbe8a87ea9be90e7c9a 1580883255.7491436 88 
1580883256.1979501 373120a43594082446701358676eb2d35d5ee5d98c1a4479a1b9b3132ed273f0 1580883256.1983948 88 
1580883256.5246608 43dd47e58716f3ba0557b5dd95e87f9bd7985af700445471d26dc628a0c394a8 1580883256.5251055 88 
1580883256.9602203 0a7b3983a1877196bb5679474106afe7a13dab8a7bd7798c6ff915f31a640de6 1580883256.9605556 88 
1580883257.6297677 be70cd23cfc6e76f42cee2c3390a02acac63dbaad2c25c4b28e4bba4d9c2b593 1580883257.6301315 88 
1580883257.9727147 b413d9ab4142326ef4f24191eadb81ab9c98325b121d44b6957cebdbaa1e62f7 1580883257.973062 88 
1580883258.1336281 7414f029ea081c7b9ce628cd3497df961acc91499d79824359a64f1ad1251d85 1580883258.1341124 88 
1580883258.4552348 5cae1b959e071cd895d23bbe7f8cff33ff7cb7fcbe9db8cbd070bbdbbe39e95f 1580883258.4556224 88 
1580883258.9736338 25e920ce1d7007467e181b473aba31cf130ccf3b6e906d9804e9b568b34bd9ff 1580883258.9739919 88 
1580883259.0785713 4727c035d2844844a2a8abed9c1b28dddc6f06df16a0d6fcf0087b00382cd0e1 1580883259.0789587 88 
1580883259.29422 86923801fecda27bc0f7face09b8effb24dbfc12cb6cf1ccf69dda1ef20cde4f 1580883259.294698 86 
1580883259.31304 4d5d957505824ae879be6d630acaa4bff955ccd0de1d187c8d461ce1d85212cf 1580883259.3133278 86 
1580883259.869961 c987d6080cd94ac8cb9790609ca56c6a0ce637f20fa9202cab01a011e4f93c03 1580883259.8702986 87 
1580883259.9539185 d164383649a389aff9d9441f8a6f9f840e1477470f301fb29fe2c280a1c22614 1580883259.95425 88 
1580883259.9806287 084a656a788afd30cca5f1003752eeae926fbe055c919f999b7696396481d582 1580883259.9808793 88 
1580883260.3167524 9277d581e8fac87f7f741f4035a7b8c6503dda3465d972c7b1481eef21fcd841 1580883260.3172033 88 
1580883260.4213014 f0e500ace992813295e9e55e6bc31b9493bc3ab51c344c215eebbb2fa3b65ad5 1580883260.4216192 88 
1580883260.8493578 dda4332b9d8f9d7e4b3634278220ffeab463a32af54030bbec6df2b95c1f49fa 1580883260.8497915 88 
1580883261.3614407 dc132a9f5a3667d69ac2fbb266ba93d956c7edd01711876334edec05d097324d 1580883261.361841 88 
1580883261.5393116 613fc1524cdbefa78e09c4d32bd8c8c103289f181461e0b77788eb56027ce167 1580883261.539732 88 
1580883261.6281338 822b9f5a04d16686816f72be23fd9248ecdcb9a57461e88411972bcdff0b313b 1580883261.6284652 88 
1580883262.4359372 588e3aae439d500ebdbbe0d8f2636f4713ec1b447c561130134e8f5cc7e7b366 1580883262.4364052 88 
1580883262.6308386 87fd978b13d4ea08c0df59e3b701904d7c1c3f4772cd5090d16d837583cdbedb 1580883262.6312277 88 
1580883262.766572 2992e30bc11a3667751a6079239158ea82752aa638e253e7f99bd8ea2e8067d3 1580883262.7670255 87 
1580883262.8993723 5afd96032fdd441df59b003acda101b20fa8b249f90ede1985f9af2c0255e559 1580883262.8998315 88 
1580883263.0531955 eef29234f4600b81f6f1c6c4306aa0d779f6d1a0c3ad12cdc9ba527f6c288a78 1580883263.0536456 88 
1580883263.250997 307be509e86d7a89eaaf85b6b7659831a52b6712f77e37e044abb6d060b1745e 1580883263.2514699 87 
1580883263.2952101 b592064f224aa624832cbef5a0ea13485889f9a18a10bdc1b29283318dc8b300 1580883263.2957506 88 
1580883263.823464 89c434cf2393b4cdb2ad7cf3ae42626387a98aa41020c10098834c027cecd093 1580883263.8238451 87 
1580883264.1356359 7d68206060ce5258f65349b35303b9bac142d0269e52aa6a32440f599896fd52 1580883264.1360872 88 
1580883264.4035907 41ec043f9755258adec28e405d810d6b7dde8f6a655688d159d80b8a67686cb9 1580883264.4039118 88 
1580883264.7650125 0219261af567ba168db608ea8ced98b3f9387cb0f77cc9a2a3b34338ea249038 1580883264.765346 88 
1580883265.14269 e240274c7d8c47084c10218046a83b6e5e0494318fccbd3a0cd854464335498e 1580883265.1430266 86 
1580883265.5049295 06036769757c4aaad6aa05c4cab8206aecefd999eb3ba9b275f8e56284a1bf54 1580883265.5054357 88 
1580883265.6130652 4a5f5d43e47bf3a1ea78cb2d4e390d094368bc7964e80c9b94739ef0ac76bd39 1580883265.6134756 88 
1580883265.6201549 2ab11c32a2244af07f611c463c675b9f8697f82021e2014c7c90e6fcb3335714 1580883265.6204002 88 
1580883265.789461 948251a141de4b94f326e1de7c501d2d0e72160f3a8a040cbb98f71de9d36f9b 1580883265.7898343 87 
1580883265.9597216 f30c15f3d754b5bc27c7f42a5fe03392c5b0b617b3a4afbe67e4206620d491d2 1580883265.960176 88 
1580883266.149783 09f0c6f9fdf4e1427ef85abdeac03ad8d5487ff39af73e5baa1420e5dba77e59 1580883266.150179 87 
1580883266.1811213 40597eea78da0ab35fdc64efe830d64c221cade91c75508c75cc88b304189d17 1580883266.1814363 88 
1580883266.2739706 90b880348322a45fbb43ccb65b510874b13495460e6e233dc5b272190e9fb990 1580883266.274302 88 
1580883266.2875621 3308218295214ae10a5e621900d9b9c91047a1f12d5d0a53f16d350ac9404d44 1580883266.2877812 88 
1580883266.2969515 b99f7ddb49391ae1f4366d0b6a3cf57eb8a354e118278df2126dced95b86cc66 1580883266.2972484 88 
1580883266.329366 ed43f2a6a77efa6bee0061f1070ee77d52f14812891252dbaacee2b5befa25fc 1580883266.3297474 87 
1580883266.3529801 dcbfb112d6cd76bf2e5452ef0accad9f186b958b4d886bc513a7d77b1ff4778d 1580883266.3534696 88 
1580883266.7302127 d588cca24d4bec25333c44b51651183050f2f162872ed7b4d0eaf94dd7b994bd 1580883266.7307136 88 
1580883266.9996939 aa857b823f539ce12256281a117c09e6c2ece13e9560e540fb56ebcc7f678c87 1580883267.0000303 88 
1580883267.246299 66c69415485a8a52f10ef0c89581a2fb4fabeaef868ce0446d0a8af1785d4d67 1580883267.246636 87 
1580883267.249812 035413e9ff3680d37f20af6ac5e0e69947674eeefdd19da9ff98b5470b2aec40 1580883267.2500045 87 
1580883267.3713546 b135631ff2922585374e57ac7828ffc356e6e803c9482e6acf99b05103ef51f8 1580883267.3717687 88 
1580883267.626783 ec12b2215b148beca2eb573ecd9d20d9f91da1e686874570c6e379a698624810 1580883267.627195 87 
1580883267.8302472 81f5f6941c07d71be21379e8047f39a1250c982459c92631155056042735c369 1580883267.8306062 88 
1580883268.2754705 14ffe0fe3a5d53ec5ed0d10b25787fdbe80290b530b5bb98d614e73f54fad537 1580883268.2758067 88 
1580883268.778277 9562186d4467e5571c7a8194846772ab0e7115ee4c0f6df63d0087032d5b0382 1580883268.7787347 87 
1580883268.8051953 5113e28f52dea1f265517e8ce93d47c2af0d3dbf4cb350eb610143e3589deda0 1580883268.8054707 88 
1580883269.0513287 33fad40d5b5de2d443a22d9595b9539964fe3f7abca29f4272b3eff206936b8e 1580883269.0516982 88 
1580883269.2598882 577f16f3c0e81aef4d3e97b7152454103063fe30dac637d4c8f811a23e63c6f5 1580883269.2602546 88 
1580883269.5756738 5b89655a55d3d0fef9c23cc6e602f9319e0cf9c3dbc7350b86d0e9da9fe31082 1580883269.576004 88 
1580883269.8422759 8a13591e5543d845f74414a0380048eb6cf0a7fa54f1e7b2b483a628d7a2fd22 1580883269.8426545 88 
1580883269.8850312 f3641106517602756d4e89e540f9ac68b04dd6b60fd2eca4aa34423ae84e0b3c 1580883269.8853512 88 
1580883269.9040318 19297c14442ea601cb47e3fdfb4a9da3371973357a80285d851fb6a65fbeffd0 1580883269.9042485 88 
1580883270.2909346 42a0f2630190d32c8b105daa3ea587e30b319c230c26153bb315771c02090e0d 1580883270.2913356 88 
1580883270.4778886 cb7830244daea508bb6be7f8753e810cf08c30c904bca5b009c83efe65c564d4 1580883270.478267 88 
1580883270.5587387 16c3fdfe0b0a101b258a570bb2994c9544cd3eb8ffc0ad8f0229fd1c3d3b4eb6 1580883270.559149 88 
1580883270.6485562 86babf1e09b22e7a180e2a0a7d57314b567a33df7f76db9d0fbf0d2ed2896099 1580883270.648931 88 
1580883271.7596686 49ac4e54b3aedfed9a9ab9895157f35166161c0e364230c385e2ced2fd25f4ad 1580883271.76028 88 
1580883272.4351122 3f19b68aa821174e982e5c7bf69313a23f974e5db967a6a470ad896fad3b408d 1580883272.4354355 88 
1580883272.4514832 866d3b931910ae45ced20cd57b3b942ded374530c4fefd411febf09caa4e2857 1580883272.451679 88 
1580883272.6969664 718b7e62fa97c8578aa6a258a39101d1ead91723569784e2f1749518c6eaf302 1580883272.697339 88 
1580883273.123632 995dc846bbb2aecf5863afa2bf7e4a2ece1e2464de85c109327e97057cfab47d 1580883273.1240218 87 
1580883273.141854 173738a35349207bab9c445314c8e3ae7b54d9a5f8c4015d4b9a6e84e08c749f 1580883273.142126 87 
1580883273.3661942 30dff09516a258df9e3c8b2e1cd551e6e22aa0a780f4eaeb407cb11c0ff6de3f 1580883273.3665447 88 
1580883273.4034147 0479e04aeca355bef31c20e46682385901bea1da612878b843e88698dbadf76f 1580883273.4037807 88 
1580883273.671702 698c0a8295d222364726029febfc9e8cef2d24a48e03be03a329ab521840820a 1580883273.6721537 87 
1580883273.713436 52db3110c7553c3be3bd06ce5cc194efae328da90a8cc7ec816e46dd0b102699 1580883273.7137535 87 
1580883273.872772 d7ee0aba17e1ce3264a29124226b422a5447d8195511e21d5a571759a3200561 1580883273.8731751 87 
1580883274.322886 c3148056acd6c954a60addde84fa1b51e53636921b618086809fe11c10af4316 1580883274.3233085 87 
1580883274.3945053 b0ba23780dd19f12089712cdb63e31d61090a2c0c3b050fff4014ab2acead231 1580883274.3949049 88 
1580883274.48767 06f52c89df3780224284c405aa406bae717557f380de63d230a121ecf154af10 1580883274.4879837 86 
1580883275.0752945 74959728a0a386d5f9788200de39cde3c61a926c8c677cf33252ae5113302876 1580883275.0756872 88 
1580883275.1715908 d8815805d2ec0d6d1dfba0da8738625e98704563e4e3263d6b12e3316dd146ee 1580883275.1719077 88 
1580883275.1863916 b9de50cfd7f75278653c715b4a04c2ec70919ecaf26b845789c808846611fbe2 1580883275.1866062 88 
1580883275.219377 9cabf6105e6b5595156d96514edc2e948e4710cf4d4d885493d1fca32080bc73 1580883275.2196233 87 
1580883275.3652775 6a00799351b9593e5f5b8243fd426e055b721176bb186de85d1a4d1088a6c8c1 1580883275.365723 88 
1580883275.5900934 25a9fc85827451514e446ba65441a7a9b3bf591a8f5a37d0630c0e9c2be9eba8 1580883275.5904315 88 
1580883275.6245358 54e6c3ea4add9aadfff6573ba1165cbea26cfc9b9031a0ffba7a4d57310ef555 1580883275.6248736 88 
1580883275.642937 4cdf012ba9793e1cb55bdb5372b21a91888e17bad1009fd9cd69c95a3e85e671 1580883275.6432161 87 
1580883276.043645 51bd1ffb78f60c9a431b499164b99a79cea790ef631ddb80fe8e67cf864b8ff0 1580883276.0439978 87 
1580883276.4398427 b6ce66088a524ddd18f6c3f70a299f1333396ddab0a6cae3f02e86c8120d755d 1580883276.440194 88 
1580883276.4506867 3d87f8d422b7ee1f7fa28180744abf3f9bbb1aa2f0efd68bfc63fe97d077f255 1580883276.450894 88 
1580883276.4904253 2f64773dd357aef64598cddaa1af7412479d801865343b27fea29e20ce1e26a4 1580883276.490741 88 
1580883276.5713997 9a7b03b8303bc32e7c1e8d64ea5accaf1e6233a21f5e295db47315af85f9d491 1580883276.5717862 88 
1580883276.7662842 8aeaf912cd18391623aabcb6d390a72323eca5cb8f156ae362d368804fe518b1 1580883276.7667131 88 
1580883276.794649 24d487d791bb5da7e532be55781c51b874631d082f18be5e6f2d5384c4ba1633 1580883276.7949193 87 
1580883276.8799093 f050dc93a2c756a69f0ba1070a05e8b2473fd2685ec78c8e06937e0c7f45b111 1580883276.880312 88 
1580883277.125995 bc6d146bfd783c6b3383ee7c7414f9cc894d2bc866638322867668aef3334901 1580883277.1263099 87 
1580883277.257851 3cc921c7d398d3ebb68a303fc87e8a9ce6da882f890ca0db1a38613aa16f1c7c 1580883277.2581818 87 
1580883277.286568 0161a995c094a60b43da54018847b64214f1e1bae71504c7c317ff9bd8ab0a3d 1580883277.2868683 87 
1580883277.751491 bb095583c58d763f5ced8815d31818c9a9c0cbfef6f14bd2487188ac0ca5546c 1580883277.751897 87 
1580883277.9027355 55f583af7dd6f9a63f2cb5a4b11bf851bcf386e576bb370b436bfb94fe9817cb 1580883277.9030683 88 
1580883277.986418 a69ecf1df4e70694d34df8f0895acf2e1972d47195bf4c407b900ade2604bc52 1580883277.9868524 87 
1580883278.0932028 e1de5ca5295e61a3d0ca9715c43f128dd54d832c10de2448ff1026b5a2f0b360 1580883278.093562 88 
1580883278.662809 fbf560626e72f3d51aabc80164756472165ddaa6eed9d7e83b812adce8d9752b 1580883278.6633372 87 
1580883279.2159433 3d90cc5f2ca8c21df4864b68d1cccd73d0ac7f4af9ce0cbe45f0d7af7ed7a821 1580883279.2162995 88 
1580883279.3214195 08b296e0791a2084041f682692c1c11dbd0c128022e51bec8e771c36fcbd6f7e 1580883279.3217432 88 
1580883279.3328276 7817855dc3addb82e4745db838042594b298d484c89b104e107923f1fdc00fb2 1580883279.3330219 88 
1580883279.4138887 496aa612c367c7a2f9ca985fd17c06b7a77347a0e1c16491ab164c32224141f2 1580883279.4143076 88 
1580883279.7954516 058a7369c841397d494da034318b757b76faf24fd2c938c7f281de2aed442cb7 1580883279.7957776 88 
1580883279.846892 f9502dd13eee5b9343e7d4c813e4f0791f6eaddba2d4aad11901f7a3f07759c3 1580883279.8471751 87 
1580883280.297487 ac63051e1812d945c090951a48e768c5b7bd607f96049a47993dc4a9a34e0568 1580883280.2978988 87 
1580883280.332043 b8f9c6e47b4ccf2cd96bcfd7a0f0c6c7a23a62ab3a2e8fd517e6c1df5ec3f8b6 1580883280.3324294 87 
1580883280.4301372 161e716beccbb0485639f556dee32b7e80cc4a287322ab7cfaf6951631f4021d 1580883280.4304485 88 
1580883280.485061 11ee8b48fa464cae017c41b2227a0151243a6ac9cc44d15786e780dc7768519f 1580883280.4858742 87 
1580883280.6747 aa2aabc8f459335782dc4c2c11be833bf639e9d06bd2d9ef72f6b975cba0ccde 1580883280.6751578 85 
1580883281.0539134 11c17527ff1b3a0e70715cef79bd5aa6d46f697222250115614f24a5661fb09d 1580883281.0542703 88 
1580883281.1349523 f3e9adb688c0b8ee5529eaf4d9867df0880379d3847451ec729433a191dfc739 1580883281.1352797 88 
1580883281.1484478 fb52f9f59f651bc8878b9f28e6f50ddf948564985a9313f68fd076931f4257d1 1580883281.1486375 88 
1580883281.4746869 1927e9c1ba06d031af22b82c7034f60fdc92b58cc0444a99966cc4f4307c93f7 1580883281.475053 88 
1580883281.503612 f878381aadebb1b86df533a59d833a69cae8efab087aed52e657ad34e339e41a 1580883281.5039127 87 
1580883282.1114237 e7862d217bcb953c938300f740b7e525884b139cec08de8de9ff9f8fa802bfae 1580883282.1117957 88 
1580883282.4653718 568c5b6d229abbbd6ddcfababc84c4755d32b1e3410a16de15c4f865d4840bcb 1580883282.465847 88 
1580883282.767947 010eb23271079d6672764c28871dadd53651b0b263344c2e2bf874445776e186 1580883282.7682967 87 
1580883282.8439205 7a59b994e2ef81b0f206e2b30a53f3a207ecf7b5f4aadd76510b376a70ad17c2 1580883282.8443031 88 
1580883283.3313212 8065e09c476a37de85a7ee6c25acfc9c869f0ccbd76ff91d540208cad7dc2461 1580883283.331669 88 
1580883283.591912 a2f5b8f5c1e0215486fd4d0c0ba1052cfb307376f7d7ea6d1b193ecd0584171a 1580883283.5922532 87 
1580883283.7396731 f6f292d0f2fd7c24edcee5da5101a4c0bf98fc528315480736a8e1a92018101b 1580883283.7400413 88 
1580883283.877185 e6551f0dbecb5e302309742a6ae3a9d77b2304d125e533d1dcba0e10a3d5d18b 1580883283.877547 87 
1580883283.9472947 b035638538761cade58b3f9425f70efbb5cfdaa3a8ff138cf53558747333c1ea 1580883283.9477422 88 
1580883284.0370674 8baa3618ad0eec75f13d0e5a8c9cfa4f9e190e1de3c7c80b36e6e2172aeba303 1580883284.0374417 88 
1580883284.6150336 d2298229ca45b8f0a31f15a5bafb6bdf09e5b095d873ca486c5c801a2e075b9b 1580883284.6154668 88 
1580883284.6411064 0ca3ff34fd34b42d415154496f2a2d60c546c741dbdf0c74608cbbcb362b422a 1580883284.6414878 88 
1580883284.6815805 6db8c78b9e90f1b859965013658549e4232b151c4413ca6c266039ade24865cd 1580883284.6818569 88 
1580883284.71965 9f5c3f7a4e864dff7c43ff90cded26a8cc6be973d60b6ef97bca9462bf66ee0e 1580883284.7200422 86 
1580883284.79436 22960ef409c3b13b41484d932a867c8bcd4153163912129eba22838de8366da4 1580883284.7947536 86 
1580883284.8562982 69fad249bb184fb83361f4c0b6ad9ae5f843713d75705391244c346c7670a1e0 1580883284.8567052 88 
1580883284.9266346 ce5a02bdeb847ad0acb256c34f8882e2e7dd9ed063c2b64db9fbf5c08edd3d83 1580883284.9269483 88 
1580883285.2622375 3bd24b2e02e70ac1f82253b0c1cd08f1e82b0650891e56554d0015901249117b 1580883285.2627091 88 
1580883285.5612876 4de5c49d1b256a4c7a823d30f410550a3a829eea987de0375e65ca5df4c12290 1580883285.5616095 88 
1580883285.8636892 878d5d4d8b37e9e07ee1bf1709e2ec09c25332366939a514591bb1c9fd943f79 1580883285.8640347 88 
1580883286.1874218 e6a082ba389a5cc9c1937c2a0f258b8ad2f27db265f46117e078a5e032b0e8e0 1580883286.1878538 88 
1580883286.2187157 5bb0c64647196bc8d2f2ab0480106f4718b0b565065aca2e809e0d87a04720ff 1580883286.218965 88 
1580883286.5803967 1f5266cebe8279495bf755ed06537e134971bcc878755da66d1d88305eb479a1 1580883286.580832 88 
1580883286.6282144 a02fabb3e41c7f204b25725a3961b7615dc92ccd5b3efb1a6f8faa5cff458181 1580883286.628552 88 
1580883287.0540016 abfde1fa5f1c21dc392eade3b84293fff4ae6385aed8238deadce77debe22059 1580883287.054334 88 
1580883287.3871706 3d74dff805888266f8d87c45985af1ea0d80259db0b6f948c8bd7c94505ea213 1580883287.3875635 88 
1580883287.9310539 a77b8ab97be797f52db17d4598d34a94f2aea1590e081cfef2f7811a6e57eebf 1580883287.9314065 88 
1580883288.155606 88bd6b320b71e01fa3a2e548851ad1475d9b58f327324e18159a02025a808f58 1580883288.155971 87 
1580883288.2912438 4319d87b7caf0850ed38f93818ff76a9f5ff4b3977162e50d8b9ab1ffa47fe08 1580883288.2916675 88 
1580883288.4912136 7305778f4f345c3a65173bb72d58233f5315a14f867a36cf5968ecd092990975 1580883288.4915626 88 
1580883288.6044354 57525b2429fb75b58bc6ce26cad2dd559b39cabb28143af3c20f42eb8d8d821a 1580883288.6047838 88 
1580883288.7747436 c9a9a6fc22075d6cb1d09aa5bcd4c965a5cd18d80c1f3b10e7dbce21bb89e33e 1580883288.77507 88 
1580883289.1220791 bd68477077cc756a762afeb7539d4c9b0548b4a496043a21c953851138691dde 1580883289.1224532 88 
1580883289.4039795 014f3de7dc0c07063609d99913487495e4973d896549920f30f76907a5f1775a 1580883289.4044287 88 
1580883290.2135112 b010f5297ff22aa948cfcd8201b4c222d5b320016dc40100d88ba2e62fd43418 1580883290.2138362 88 
1580883290.2528386 fe83a4ee616cb83260a30e655edb208e406c72e2d7594ffc1d83986df00a8be0 1580883290.253164 88 
1580883290.340964 4ae6971efa83ffcf62122142e5308cfb3a5c17323fffb52777293886023e25b0 1580883290.3413396 87 
1580883291.0195796 d3bbc3bc10f99629a6a05ad547d30ee817be7c60a880b84716dfa6096d49b6cd 1580883291.0199723 88 
1580883291.106418 ab0b9e1a4b0ebeb8b672c607f3326219b8e09edd82f555dcbed016153cf1641d 1580883291.1067855 87 
1580883291.1310632 3af461e3457d1446b18de57cdd64f979cff217a146e6d023680ffc143a439b8e 1580883291.131358 88 
1580883291.7572823 0945f7c3a88d68fc1b67f9ecd0be27297e1a40c7331d2b2b27fc49b90ca0360e 1580883291.757756 88 
1580883292.0530915 d3f27781b50d5ea92d51d175d2834626c502a9c98b169fbfae5e6285bcf93cda 1580883292.0535123 88 
1580883292.0859115 316070979974aa76b22a184d23b33e678debb27d74c6441a54634e69693cf85a 1580883292.0861642 88 
1580883292.4232357 3763c584f89b4a80acef9cb572f7c96ae766bda62850f07c811b3464237f639d 1580883292.4235675 88 
1580883292.555484 d8029de1081c2e68277ab4d89c50ec1dd589fc0e6aeaaabbd578943ca53e7e23 1580883292.5557973 87 
1580883292.568062 ad88687610a23ef26b786d79c34b60b63fac2a3b50fda9ab7bba697ef29c266b 1580883292.5683002 87 
1580883292.7614994 525e2085bd94d3ec112a3d7a2fd17715b056ea4572180e55f6331a4e79bd8258 1580883292.761931 88 
1580883293.214195 66f682beb9ddd48471dafc739261eb43fec5466b27241ac68907c8775f6b14e1 1580883293.2145262 87 
1580883293.4059079 85096ae8b15a17f4eb2e35f24c566901c3ae31b4b71974fb66c9c539755f38fb 1580883293.4063175 88 
1580883293.425589 c2f0755ad0fb0f4a74ee37f00e03b8bbf0a08437b51cb41e6abd14711a197fc2 1580883293.425817 87 
1580883293.7933521 af68fc1f66b10a14cb615c49858d98c859ee1f7b8c93cb2d87cbadccf6540949 1580883293.7937424 88 
1580883293.8350756 4572147ae61151966f0a77ded6db6b1e79c6a603e0e836a894142cab0f322be8 1580883293.8354688 88 
1580883293.9220314 5b1b7cd4d36e12d76b4a5bdd4f3c3629c1a6f00af03671c96baf5591a366b876 1580883293.922487 88 
1580883294.0634062 6b87b3b82565e7f59175379a9f6c63ce83f93eded5e30c09ed75a98f40a70b3f 1580883294.0637844 88 
1580883294.1601443 086582cdac9b5746c87a86337701e954d9cf556fa13084f82446e9582673b75f 1580883294.160462 88 
1580883294.5372643 91dbbb4e7512938f8f1db4f2673217661092602486fbca18c7061c199b187279 1580883294.5376403 88 
1580883294.9513638 4e63e055047ba7fe4ce888ef6dd67b82605522a757dacb3b48cb4e564d55e32f 1580883294.9516807 88 
1580883295.1051698 9e27f9fa9bfae44db54197a1da573c5a3e294f9d6d2e953cb553b07ba7ce4cb9 1580883295.1055286 88 
1580883295.2290804 7451bd851066ab026cf5535f9d96924cd1081671a47503875cca79441f237666 1580883295.2295318 88 
1580883295.761121 7784ea84c888fb784d54089ba8c8841883d11a4c4585a88399d815c989c34051 1580883295.7615542 87 
1580883296.1254416 6047f639e536b944124f0abbe5acab846368a25270b91dc77ec64bce05b38286 1580883296.1257973 88 
1580883296.2904825 211c9c604ccec837b70dcc4f1ff55507a07547514ec5abfff1f59b979a49fd45 1580883296.290939 88 
1580883296.29155 e2adcc237886a60d7b71f35938acf3aa222c9747d8d2fa612d37d1b77b06c4ac 1580883296.2917225 86 
1580883296.3255296 587013591873eda2066f97aa7fcd3000b792d8d8e13e91095ffa0223697e74c3 1580883296.325806 88 
1580883296.4622543 ff04451799c641ffa1de925bd691a94cb51759f3be986917661dbd6e9112a4f0 1580883296.4625897 88 
1580883296.6775305 64653e7143e90e163707ed96ffaf13446f6fe93817d1f48271513ff5cba9ba4d 1580883296.677864 88 
1580883296.740677 cfad18d89f4e158d443936f33691e3358b3b321029ed884d9d7c1129a67c196e 1580883296.7410834 87 
1580883296.7693558 3ec3bd2e3a8236fc8b2d683bb6020463e708278665af798516392410460d9358 1580883296.7696328 88 
1580883297.0189066 5c445d1e8769e9427e07b63377b06c6c44bf97ad15019ea468a2bd12adb7a00e 1580883297.0192196 88 
1580883297.1179717 604ecdd54dfeaa61f13567090531566fbb11c52cd45689c4aa22204963ab2985 1580883297.1183696 88 
1580883297.3992252 a55f113a88dc2b044a7be30ce0e39511666c55036d891708c599c998d65de537 1580883297.3995614 88 
1580883297.7540684 de2402079417b514656afb4575bfa9a05124a4051fc8529ae7e2a6252e031904 1580883297.7550688 88 
1580883297.7815306 e3bfc32c565f724e9a11fb9f71c0bce40e2ef4a45a6ced58f3266df70d301ae7 1580883297.7818062 88 
1580883298.3555086 56958d351544be2a327bf2d6fb9082e3eb410099c54591df0d838dbbb5dec276 1580883298.3559265 88 
1580883298.540509 3e4c12968be8d0b5896f955e994d2028921a2b43415c706b30134b751fd7c5b1 1580883298.5408273 87 
1580883298.6852047 b66bdb3de659cd7deb6887d201edb8890b4894eaaea3d57e21bed01408891fc4 1580883298.6855862 88 
1580883298.8467765 6b0fb909d2cd8f057fece23225d38eec9c80643baff8e189d5c6c25f7b96a974 1580883298.8471165 88 
1580883299.1110578 6100330bbf73f8d7d2ff0f3c40fb70084f96418134c0e10b922a352b6209c454 1580883299.1114144 88 
1580883299.1301506 fc47e5a5794aa31b3c4fe6835d2ea55b00dce575ee731bba927117373b0981f1 1580883299.1304393 88 
1580883299.1399817 d5e8fad9de31d7b1b3db9ba4c23646aa6de988a4c9b8258929383d93f5ed40e8 1580883299.1401799 88 
1580883299.1695042 97589bce393be016b2889a41304b827e2a9ad758a2ee1c7495be7205945c6cf5 1580883299.1697633 88 
1580883299.2922797 13b2c0aba90dde1419eb0fc87e50f451ff470b8d4e7a03831e0a1093388e2393 1580883299.292691 88 
1580883299.3216095 7a3e1be973452d09a73e8c4616e871eb538474501db017ea62f376945e0d6297 1580883299.3219166 88 
1580883299.5431414 fe5639a44f3f059da3085851dcaa0307b9ae86bf7948d1024ed5e448e4b338cd 1580883299.543534 88 
1580883299.7969708 dbc1a6f0342d50faf5cff9f36d7f00b2ac79750389269639594f132d866fe17c 1580883299.797333 88 
1580883300.0244803 485e7d562340f45ed6fa5e0ff8c70a512665f6fbf9f43311214bae6af4a1ce89 1580883300.0248094 88 
1580883300.631667 50cb42a2ac676db4c85885c289b027cb76f53621b03e353436a9bdd4a289415f 1580883300.6320844 87 
1580883300.7722056 8fbce7be5531a765ab390578558a3c2364d2f534741cb9ce7c94ab034f2f9f67 1580883300.7725353 88 
1580883301.131764 d32229df84d69afe19b06e52d8549e8d8c6d646175c2494baa71ace80fd3ef21 1580883301.1320992 87 
1580883301.1730773 349178d3c39df40d47f4a7faa7cefabbcc8818cd6d8b63d58374d71e95487381 1580883301.1734698 88 
1580883301.1920083 c27be04020fd9e56e711b6106672d08c67f6338886fd7919e9a3c1383462c52e 1580883301.192314 88 
1580883301.2079692 0acfb0f5c300568cb08a83cda40b56c3f7d440b2c6093d76f8f15f4b27f5c0ab 1580883301.2081792 88 
1580883301.2405846 a9470447d0c8a03578b36d2b5629503e05b5a436f633b15242cd2df23f0cf3e1 1580883301.2408955 88 
1580883301.369692 a41d073a467bb355e57d46e96268d83601cfae3689e4f3e98fb06caefda92b7a 1580883301.3700519 87 
1580883301.4156325 e80bc2ce4018293ed5c22d2b544d425156f107af982f7bbdafdd44e32a7aa2f9 1580883301.4159522 88 
1580883302.452008 3268233aa83b7218bfdba6282065d5a9cbeaf5d5a33be144b83e0a927190e251 1580883302.4525428 87 
1580883303.2244782 e085b848bfc57638b091e921aeb5d09e03058158401069df16cfceda2b41f9d8 1580883303.224894 88 
1580883304.010347 f55fe6dc4371d9420b95742e303be3b63da9cc837164a4fe3ab10b7e55886735 1580883304.0107884 87 
1580883304.0759811 c8f63c8a75213d15be7d36c15f6b959dcbb13d8e354bc5331e87b99869569599 1580883304.0763264 88 
1580883304.1491258 5d99152a54fa9bc7098046c81e3cbac08e31e6b5e37fbd901b1ee9332c19eef3 1580883304.149525 88 
1580883304.4967897 e3972c6fa75a65f7d4568f928dfd6dafa5fe1f399bd67d86341d0607bc7e92e7 1580883304.4971392 88 
1580883304.5782638 e0f1d461e99b061aa2f2abd9305a9f9b7bcff90a4861517b317e8431c1a8c24f 1580883304.5785787 88 
1580883304.8284473 14810573ada99bd3339e024c257754b5ea2577cc6c7ac5d85e3ad391f400d0aa 1580883304.8288307 88 
1580883304.9156308 483e23c72ce4b765940b41558f7f1713431cbb663d840b557e2aaaf2418167b0 1580883304.9159815 88 
1580883304.9859416 762dda4c5653aae26a289ab7860ce360ba567a0066ca863b9cc8b08a15fa587d 1580883304.986264 88 
1580883305.0021927 1d78ea707887dacf308c4fb1e63db93270c0fd2576e46682c32dfec4b14c10d7 1580883305.0024824 88 
1580883305.2243335 d409ea321d162279029beacad2faeaaf8924520d7e5c946cefdac7788b0c1714 1580883305.2247396 88 
1580883305.2955918 f53acf0faf22d6f62d08dbc69ac16624a9f5eebab0aaafad4ec0dad3c3987b59 1580883305.295996 88 
1580883305.315556 e81d52d521664521072b73897b7ca747bb7fe2c0e90eac67bd1a925a21dfc5f9 1580883305.3158984 87 
1580883305.3207424 36cf01a4bac031e7a99a1211bd85ac749aa9af72ebdf57726c659971a678d1c8 1580883305.32092 88 
1580883305.6566436 0c3dd5c8afbf123ddb448bf8f72f2f4897eada2dbc0e455ea27123b18780bfd0 1580883305.656984 88 
1580883305.745971 0fa68ba656aa00b9f0b011a022352715772ecb81a3f5d72970127f77c856a16d 1580883305.7463207 87 
1580883305.7513201 2537718bcf5c3a876a9d827dd4a5cdfc9482cc1db4bdea869af9b831213b287a 1580883305.751519 88 
1580883305.9347787 53bbc0e2972dd845339bfdd2bc658dd11499b4f260daa039ec80eae87745874d 1580883305.9351192 88 
1580883306.1376543 211e5e47477c664d550cf7b59a8117ab9c755c256833a8ec79102695fcda416a 1580883306.1380095 88 
1580883306.1445663 b866a45b579e14a0987111949fda2a6cb72559e55aba907520d20b7c9c028880 1580883306.1447496 88 
1580883306.4911184 8102f9ab1dffd19585cf622048210891886c36447071a7e2ce8d9cddffe53c67 1580883306.4916375 88 
1580883306.555581 f698fa214e45377d010d775dd4c7bb550189982fdbc4699c8ef50afb08e780c3 1580883306.5559282 87 
1580883306.798921 619489591888d5fde0ad068ba122713126d98a2ebd7d71692f98c1ae9ca7b2d7 1580883306.7993307 87 
1580883307.1502728 464e4f69a46310565c398cdbd54f58b7cf160e914390ac28b7dabade006e0f3d 1580883307.1506667 88 
1580883307.1973245 5c8db246fce29dc07006e71d37c9578bad7bc98cffd0e796b58d47d563b947a2 1580883307.1976562 88 
1580883307.2155192 5cc663ef8d912855e3fb70687ec3eec1bc4eec0c173067c5ceef4e6da597157a 1580883307.215701 88 
1580883307.2619274 067e63cb1631cce0f1878dfd251dbbb085a499849fac1c20fa4e01c2eb1ef7fc 1580883307.2622817 88 
1580883307.269062 c8a54723b65a9a012923fe18b509fea85ce9856bf6c780c7455e52fd249a5ac6 1580883307.2692287 87 
1580883307.2705598 01b4fd446e4b922a4ab8f09713e792b24cc7c59e7d8478d9ae7fdba9bb0ad4ed 1580883307.2707272 88 
1580883307.3626702 0f8b53c1dde6e174d263108f14ceb21a4f84c62940703b48e569db682e6d9eab 1580883307.3630023 88 
1580883307.4711547 ff05a49d03ba67315e53a73b9f8283e0e6b3c7371d455123d454075d460b8b59 1580883307.4714808 88 
1580883307.5979156 a8f76344af53e0ecd84096258c8acff9b46485361e8c0b3b063fc0c1a411cbe0 1580883307.5988553 88 
1580883308.4864318 7c95f7020c580625af8ef1c95c19861ea8f60cb2fbc198dc8f1ce3b25586c105 1580883308.486929 88 
1580883308.6012504 71023ad549833a0b60dfef66ce60c4bde969fe659e6ff6903235eb2022146489 1580883308.601575 88 
1580883308.9425292 51647775e5fb3b8889df759a43077f6a7b57e049c4abda3adf6f63f67cd07440 1580883308.942951 88 
1580883309.0099213 0d9827a3a8758290fb1a26b1d830a1c87e9853ab56658b35c80a74c382867929 1580883309.0102272 88 
1580883309.0243635 7c0d74d88faf40247e0711e5bf9b1c40a118a5f024a7e644fbae5c477ca7c670 1580883309.024557 88 
1580883309.0774546 0491ee8d02cc7fc2532444a540c0ed056a5e3ca109d092deb31903ce3f81237f 1580883309.0778296 88 
1580883309.2374718 113080e40041da5cca27eeed7ba561cb04c28c92d9ede74e4fcc6473134e3375 1580883309.2378695 88 
1580883309.2900321 332adf7e9e9819132c6770c4b17e95b356e325ab8e1dd0460fbb33a6fd1e3df2 1580883309.2905223 88 
1580883309.37705 5b9e6385cc7d7ca7891cfbdad2e97f8e188ad7606775792b2cbde413186cbae7 1580883309.377605 86 
1580883309.4656138 6396cacc9918373dd99ff9061703a51b5072d6f1028c690eed36668089eb99a6 1580883309.4660542 88 
1580883309.8486023 c64a64bec98f76c87c158f1410679b94cae0d5d9b9994678a4f362f876deb2fa 1580883309.8489714 88 
1580883309.8950415 3cceeb95dcc8250f0b9f33b0ad3845e6bb6b669076be95699d142bac5e4a2037 1580883309.8954115 88 
1580883310.0558412 71c1657d42dba3e8ff527dda95f253ce303cd6fce82dee2ee8d5785ce93c5bed 1580883310.0563328 88 
1580883310.4409823 fce8a97b73ff5e080316cfacaa766f789becb5da0f3aa72f9a1aaaaed372264d 1580883310.4414585 88 
1580883310.8510025 02fe2f8f7d136b30af4dde218453eb1bb302567d9b74865392d5d12f9d57f9c5 1580883310.8513615 88 
1580883310.9200113 0c6e8d92ba6fe44d74ca04f701b98d64d7757ead59a4065ef5418f2fe6dfbd77 1580883310.9203205 88 
1580883311.3256135 4a747cca4e8a1e38c59b02863a3446aae0a678b4955b22dfb6fe6ae0da8c01f1 1580883311.3260362 88 
1580883311.377906 5f93f171f9fa8e3a30f28d0b8039f6d551fe2d214984fab2b9eb325fd7bc3fd4 1580883311.3783176 87 
1580883311.4920223 e9a477b6f8071d1be4df0be2c3042c62d5b6afc87845f77dbb19b74c38547f10 1580883311.492412 88 
1580883311.5147672 8245ec4b1e21d58c5e673f787b2f2e978633de3a033bb09d9152cdfa2b1cbfc3 1580883311.5150335 88 
1580883311.7402961 95eedd5f846eedbae4d12a2df2d09187104db8f0a2a922216c337aadd414ae11 1580883311.7407336 88 
1580883312.033118 9f8cf47d02eb2b54738b674deb5b21c5f7f5000f72f596b945796f230668f8d1 1580883312.0335574 87 
1580883312.4634776 fedcac75d2b35b09926f18b966619c04ea0fe38ace2539e1bfd72b7575cfd367 1580883312.4638214 88 
1580883312.5950027 d4e05c275988ece3da3800ec83af7c10bf7ee44bc44b0ad7c8a20161d0140187 1580883312.5956726 88 
1580883312.6047943 4ffad7b5e13598c5e45d8d21fb014122ea7f8bd39ee8efb37ca4a3c249e14285 1580883312.6050086 88 
1580883312.6197796 691bf1385dd66b6fc878ebabe137f06671b50f67a18dca1684ffddbc549f084a 1580883312.6199489 88 
1580883312.756663 91a0a636d49c76c5c918f42f2d4ba7f22bdec1c1f1e0d46dcda9ca7fb89f2ec6 1580883312.7571032 87 
1580883312.8079731 13845be08e6cf10d182870cdb6fb6cb9ead78a78bbae2ff69415e3873ee83e87 1580883312.8083024 88 
1580883312.9164603 9abd09210bc140b1aa03b6c13e05d72533bc132fd2d45973c3b16e173a675ae3 1580883312.9167874 88 
1580883313.2580028 cd1cd40e9a724d04813e9781ec691c6590cb9171d2bd4e0fcec7cfe8bfff1d5f 1580883313.2584612 88 
1580883313.3084295 3bf705c64770f32b6d4352dc07f0357a4ac1b0e8fe101441bdb2f4171a2e67b5 1580883313.3088384 88 
1580883313.3661199 5229448574c1498cea933a14a2f4e01e76cb5d4bfdde3fc7675249a1d40484c5 1580883313.3665748 88 
1580883313.3841648 bcdaa92aa63c4d15c7cf1c8116214a5be92cbe4e0a93990405d07cce9576624c 1580883313.3844144 88 
1580883313.808152 df540b5cbbb38bf6081c8c7e72643664c369384b589b4605d85689601c37ee26 1580883313.8085322 87 
1580883313.816895 70b0010d56eede0103ac9277ff8fb188e56208934232d969588f537abf46efd5 1580883313.817069 87 
1580883313.9894032 d0ef63dc43cc72a011f637a2e72b468a0f912de36e3901a6aea76b689de5ac8f 1580883313.9897923 88 
1580883314.2144792 a7cb17e81117872045f8f63f84fb701467b5d4d24723469d7f784370d3e09c48 1580883314.224497 88 
1580883314.2952611 fdd2f86b60f942b9b53d253a0e34aa8ef2fa4b6f05d5b86274ae54e86f07a40a 1580883314.3014927 88 
1580883314.448781 177a5d58eb422a2dc72de821d81f22530c93587b99ac00b1fb629bdb32b038f3 1580883314.4491122 87 
1580883314.560244 477ae5eace9acf531383164fbc51a40d9193fbc5404d5d32f647ce57c2a34ee3 1580883314.560553 87 
1580883314.7264462 60c77b3ecc3d41e027d8699bafedba05dcf2e2a7089a7ed8d0f92f5d9b2d936f 1580883314.7267942 88 
1580883314.796179 63f5cbf4103937f58cb740e44f735fc2765eae5e0363ac265cfe3765947f3967 1580883314.7964802 87 
1580883315.0596998 0236fffd18971e6974e93b078fef01583f45cbde393b6aa169ed7188866bf181 1580883315.0600376 88 
1580883315.2149549 c883a1c11260126c4b7bb72802bacd5faf15be871506e5be1ccf988a690ba8de 1580883315.2153428 88 
1580883315.5361362 d0e58dd7f71c95f910c7e9c786e23d0b230ae80cb6bf28c5ef96495f6aea6378 1580883315.5366042 88 
1580883315.5595837 9a650fcd04cf9a48d307a04ff3c9503c9f74fa57d58b6f93755f93a1ca197d0a 1580883315.5598764 88 
1580883315.634455 1a6d5923a202174c4e16a32988e11715b7e466fc1f7aeefc5f3523dd955999d5 1580883315.634851 87 
1580883315.6518972 7f7817fb3763c6e3e5bcb2cd8e5cbb1c109b75499ef3fe778c5d625436e506ce 1580883315.6520894 88 
1580883315.770292 1c213091f39693b0b288ef5887b51182c720fd2499f0cb80beceba8702c0bf16 1580883315.770759 87 
1580883315.997793 650f844f23826497c4050cdc62e2f94d51bde9903613e39dcd4cd4cf185122ce 1580883315.9982812 87 
1580883316.0717096 84887320e79d78d5f6a062a1410ea5d32bbf1cbe1fb01281f8437d95db64bb60 1580883316.072158 88 
1580883316.607203 dc3c54a03f308fbf807930d9498bf1e63801aece2feb021d7e8be88d67615431 1580883316.607602 87 
1580883316.6525733 2c4b7874c459dca211e3051c448f7721609e34f4f833aea02d6d7c786ae64648 1580883316.6529493 88 
1580883316.6898365 414628fd909d16b68fb61f1abb0103e6ec34225273d85b484ba9facfa788b746 1580883316.6901479 88 
1580883317.139947 2214cf01c844f149342a9a10acac2fb5d7698a32a62e5b6535d9496d1c1a90bc 1580883317.1404202 87 
1580883317.2867692 2b044329effca29ae83e529824291b92d735814a874da987258abfda1c6255b8 1580883317.287163 88 
1580883317.3743162 856538ed6d9f448b4991d27f8c81f4f685285f089606f6517a7bcfc0c8a73c0c 1580883317.3747482 88 
1580883317.507058 9391b706272808caa6a855453f1565a10dcc10d8e996b71eb4d67f3dc1e628c0 1580883317.5073903 87 
1580883317.6670623 cbd46f9ef417bce5d080c09fc7e467c7b3bff256ddabf4217c480737d68283fe 1580883317.6675272 88 
1580883317.7618861 bfdc226767d98c3f6b2c8b23a822b3feefb37c438f3ea0281b1c0924dba72d10 1580883317.762332 88 
1580883317.813499 c1fc63826ec9bc9fde8eb2750592b30f1fa5e68da0f136470e50800cb35408c5 1580883317.813903 87 
1580883317.9742668 33c1551ac400be5c57bd0e3632bd813377377945f2aed6330ed33cfa212854d6 1580883317.9747977 88 
1580883317.9852965 3b4ff5ec9303dffa71e5e5088a4230a2f12c78e8768a31d1776552d9adcab9f1 1580883317.9856389 88 
1580883318.1875727 5906fe9f84eec30a33867cceb6990cc50fc334c3da5cd1c3d44a33c578d89a81 1580883318.1880114 88 
1580883318.2098827 81a2938db79ba5b4faece5f5a5fdec0a07b335c8ae2c1432f1527279813ed6cf 1580883318.2101114 88 
1580883318.3126657 6beb08abd0b451a8ae42959b0c31e91ca757da50d47ba7da5e4d2b13dc16051b 1580883318.3129942 88 
1580883318.4371238 85b7e6ab6a18b077511fc923780ee5fdac2960b679311334d1eb5c0aa388b6d3 1580883318.437605 88 
1580883318.4889188 5e6f9fe99ae249b3e36f62c24dda8e75810ee66abf9dcca43413f20eacf58253 1580883318.489227 88 
1580883319.1086817 226f6fec74153a75343255c6d2bb74ad9d752523d493f8fb9ff0e6f26647f2e5 1580883319.1091633 88 
1580883319.127217 79a0acd0ec936874371ef1082164313f0903ecf474cec996ec3885ff389381bc 1580883319.1275158 87 
1580883319.7369168 41ac1d6e7c1201adc1e6253dba69f05a7f9c7bbdf88859f29d6d62cdc185621d 1580883319.7373035 88 
1580883319.8978899 a8dc7875c3398362dd738adfa689f2d06d672e34a1d17d76f1e38766672e8a95 1580883319.8983052 88 
1580883319.967316 0372d34e8df78a6f54d464168b448a24d1d16ebb7dc95f1eb7301946157a93e5 1580883319.9677312 87 
1580883320.004474 dcb55bf85fe9e21b48a4a4bdd7c1c4945f772a2b74935ac00053b21cbe5fe786 1580883320.0049052 87 
1580883320.0518963 40dc2f35277bd398824a89e8530676f67d0c73e6fa79b19bf3c88821180d1971 1580883320.052309 88 
1580883320.2330806 bb56273d68cf7965aa0f333b25d0800dd6b758ec3f3dc8e8464a934eac2f6e37 1580883320.2335434 88 
1580883320.808109 20fc77fd105089ecb1d4ec36a7f2675ef64afdb61b6feb5bc7aa96cbfcfaef90 1580883320.8085241 87 
1580883320.8962715 a144ff6c13db38e175df75aba53c58f846e2bafe3ba4741a93e50be282b65cdd 1580883320.8966625 88 
1580883321.6352618 fbc7c7aefe2be066ca11e4b6dbb81e5544a5802e1a73c8b93e621af6cfbee914 1580883321.6356575 88 
1580883321.6804733 7437c305b3005ebd3b0ff3fee0f7d701545f385eb69a3c8684fd02063a175160 1580883321.680785 88 
1580883321.7744172 e603c56d5feefeb54a5c8e68b3fa6408dbfcd9d640c1b8d2c803f24a7d5a7e39 1580883321.7747962 88 
1580883321.9030662 f2c680e714f268e0a3a01caf1bacbe6c97b12a8d8b2a4ac382ad0ee035723100 1580883321.903435 88 
1580883322.0276792 f8cd2265ad489bb6ae1eaa8706f0369e3eaf73d83c0183b19f1701718d8a2c9e 1580883322.0281484 88 
1580883322.1220512 db547157e599018843b943d6ccf3cc39325193d77002b3e2907a19c3cb7358ee 1580883322.122369 88 
1580883322.585659 0e0dc206d27ccb5ce5e7fcd25717d1aef81c5d89a2e436176be267a55d293e85 1580883322.5860732 87 
1580883322.8075674 193ca0ea11b0a149e19058c7d3504dfc718506f726531905a2ea534a6b065ac2 1580883322.8079598 88 
1580883322.8995993 8f616b0eebed0093e867c68d0d4165740cb5a224eaa7538a9647dffb319ddae4 1580883322.900003 88 
1580883323.030766 f6fe36cce3c5ef9a8a885f10bd0b9815559fbf6296de40999bbcd94507339a08 1580883323.031162 87 
1580883323.3929102 df6d3008ca532cce16911b354450790ed4ffae207eb1b8cfd9a4e896e071a152 1580883323.3932505 88 
1580883323.4116845 0f339280155d6d3a1cef9c2d58b0122452e70c944ff55f0cc522422f88d5e329 1580883323.411866 88 
1580883323.4359932 f31a98daa63d2710c564498ade15a24f6a21cb1e9276f015409fa41e51a41a87 1580883323.436271 88 
1580883323.4769895 bf584cea1cfc8f9e25dbd0fcb220087aaf95c55217968f79bd659ea5618257cb 1580883323.4772909 88 
1580883323.5139222 1b8db6b9566863344cd89515110ce080bfc8afb4c81d18dc220692cc88b2092e 1580883323.514278 88 
1580883323.6691246 b5d712cecadaf717f7887c5aee63b0509149579f136c552d6db078542dcb55af 1580883323.6694598 88 
1580883323.9298096 564f8dd86c5b18dc6e5f72d57bfe53894919eebe05f34a0331efb29114f605a9 1580883323.9301627 88 
1580883324.020646 cac05988feaf4718efe2709347173ec846b870af1a862dbd3a29ba14b122d48a 1580883324.020974 87 
1580883324.0897822 c462b7660a3a5146c7d5900aa1f379863331c82ccf9cc28bcbccdfa4a612ec10 1580883324.0901146 88 
1580883324.1646547 74bd32bde47b7e015f95c5ae263d7f7d2d1468193c97314b34b403b5ee921ba9 1580883324.1651292 88 
1580883324.2456968 effaf5bc8881a24bf8b47b1e38d75363222086abf10318ecfea88ebaccf210a2 1580883324.2460763 88 
1580883324.7460732 db06b7bb0cd7ae1896ec8aeb0e969496b1505216ea460a991f9b78109c0a4bce 1580883324.746455 88 
1580883324.8352776 6a0a4fa40b43cc1d3a5438456a27988a5745c4f72c8989be80309a5f58031e57 1580883324.835586 88 
1580883324.864944 bd7ca54823d1e255e265af4b657f538115668081b4512cc978590a11fdcff860 1580883324.865348 87 
1580883324.8873997 e1c4765057a2ff0d3a76f397699e15406352b06f1203606dc65b59d32f4f7642 1580883324.8877287 88 
1580883325.0080187 0427d3d7b7a81dddbb5efab706ba584fc576004aedb51ac3d9fba33141ac4153 1580883325.0083575 88 
1580883325.2546425 bfd39294e29928966eae894fcdca6c1033315ae61c26087582f90f83f23659bc 1580883325.254979 88 
1580883325.465261 a1f7cf777d6a6ec9a8936f109ec69e1abf9602e58058e20089b3b918e5cdaa7d 1580883325.4655862 87 
1580883325.4776852 52e284bd2e2d7c6e03ce732dfa721748c023813e58a3b311520766d76c8e9db5 1580883325.4778771 88 
1580883325.6156487 fc4aa4072b54004a5ac605edbd13fd9218d1bacf25a132c4b1851b8e2ab728fa 1580883325.6160643 88 
1580883325.644791 17f20e214e046b685d68eca4e56d6c766847face9648e0ae194014b975dd7ef4 1580883325.645231 87 
1580883325.714159 b6c5aaa99130e53305121a03199fcdee4c58dec94d2cc80be9b70d8f3eeda91f 1580883325.7146122 87 
1580883325.7214715 bb857ff332ee0f5cd272cace78da6f9541e3c00087669cb0e1ac438a1bbef2ce 1580883325.7216396 88 
1580883326.1571295 ab0f78453f8b6f554d8ca904482d7cd9ef0aaadeb622ed399c8a686bce00c9f0 1580883326.157466 88 
1580883326.1807973 5c264816acfa0c2466d2771b24c9f8269fa34f098e86679a65d7c10740489680 1580883326.181184 88 
1580883326.2149076 d5dafb2719d5139289578c90fa4ae6bfcc96598dc87f44b2cb7362c1cb8039b9 1580883326.215303 88 
1580883326.2227223 c5b81f5c339f99f95477f3b3fcaa2fcb40ebe021bfc60cdb21df12f1f153a9a1 1580883326.222937 88 
1580883326.884033 2654b9d7e3ae08517a16f416d14fda249d6bb48e8fe55299d851ccf7a37ec457 1580883326.8847651 87 
1580883327.0593956 95afd40d3d4105351c8b9699c65047483ec997889376ca3f7f0ceb6c5532e0a9 1580883327.0598202 88 
1580883327.5265746 c01035029f56bce96b861932b9aba048c8f66af4a4fb61ccbb24e3efe5a781f6 1580883327.5269158 88 
1580883327.5735533 985b1e31158d1ad025525956c35de7814e433c8063a33ddeb7fe9a0e3442eaa1 1580883327.5738685 88 
1580883327.663066 7c207e2fb0b2c6a1655252895b6a8089f2408dcdce5da72f54f22338e9fd6667 1580883327.6634302 87 
1580883327.8188202 312016751feec0cb3cfead01b92ac41f3e6a5f0bccaf5cb4b6c18ea0b46f161c 1580883327.8192236 88 
1580883328.1565342 02f922b685ae4a2b586738f961ca082682125e6a00ff7f156b7711d64d1c3a9c 1580883328.157005 88 
1580883328.3952796 0aebe47eaf391b4e7e7ec0def3fb86c859c981d92f03f21bf35aa5673c0b4263 1580883328.3956478 88 
1580883328.4185078 dc1c0a43fc601bf52701bbe5845fbb1db7b740eb4200aad365485c88a8f643b1 1580883328.4188309 88 
1580883328.5199714 d329b62554c5903b264e5162ae90f170c28ada4dcede11ea0e3e493cb9e91094 1580883328.5204756 88 
1580883328.59936 02e7caca72bbcc07e15cf676257b08a288dbadafd12da701b37e90fe597af84b 1580883328.5997963 86 
1580883328.883983 c6ee795721d96fd6ff81bf1f6f3791a81e77a7875691a1f2129518e14bb67482 1580883328.8844326 87 
1580883329.434436 cd01e81c56ef999b96030e1b04cd391c7b42bd340bdbceafe3dc03b5e705b162 1580883329.4348824 87 
1580883329.535226 a8f08528761ec6ab9c1aa0176a2b0a5ff88165f83f4770cf781dfd3a6fbd6d3b 1580883329.5355797 87 
1580883329.671055 55fd02f16f20402d57f7ce87794e6b32ce6b099504b079711317a56572906b9e 1580883329.6714706 87 
1580883329.9791362 a1b6baf8402bba92913893bc6a916b576d59d7682fd71858f832111d763bdfc6 1580883329.9794574 88 
1580883330.217861 1d6d7d22fa83549227c21706b9ebd5f30814e35d89dd7cf54aa669b04109adf7 1580883330.2182384 87 
1580883330.3483381 fff98a6986f7b6ea3f3c9b134ebffeac8cc5345cf3a5c8ded22f8c8d5b3e930b 1580883330.3487754 88 
1580883331.3059266 bf8dc435a6614fa4ce7bc16601fbf5a5dc22cad68f5a21fd09b940d04a36b349 1580883331.306424 88 
1580883331.34377 60b7661393a89cea6ad4752cc011543d909006351af1557270638b79047d923b 1580883331.3441598 86 
1580883331.451137 d88d2dda74b7d6bd14d96c689d74fa720b8116c864c0b8a9601f8b3d53916cab 1580883331.4515033 87 
1580883331.4618247 0ce49cf65023399005e0e98d64dae096243262317d026c537e6dc805a7354fbd 1580883331.46201 88 
1580883331.5486937 24f7c216dad697c3147cc92bcbff01cfbbf57e73deb94409001616fe2c90539e 1580883331.5491455 88 
1580883331.817216 975b40e03adef982317e780dca45b9ea6cc0aaec0c6b47d7214720967213234f 1580883331.8175511 87 
1580883331.9270678 f7e2be671f22c2dfab2cf940caf3c31153f988244607ed3d97992fc4bdedfc12 1580883331.9275353 88 
1580883331.9516957 2fb3a3712f5a419ee1baddca465f14134e3f5ccef58fd60427041b5ef61e4dae 1580883331.952021 88 
1580883331.95282 b2829e405e4b211081c217219ea94a4a68162d001a950efb1093ed9dad4ec20f 1580883331.9529843 86 
1580883332.0408607 adc5d3c3a48cd2bbf1230881ea1d463e874762c6db820a8b69ef2976ea025093 1580883332.041197 88 
1580883332.1870022 e16709d319aa44b361f8d57ec54230744b38ea0a63c1f6d458066226da32b020 1580883332.1874266 88 
1580883332.2045078 31768f9e8db90ed9150cdae6f95a192ff5b9eb36689f165512af7062d7272d5c 1580883332.204709 88 
1580883333.092645 9717fabe83ff2bfcc6d50f983cf24143a67f12c0b6828f2e731a5e6f1dcd90df 1580883333.0930877 87 
1580883333.2255266 3535595967980313383a9c6ebb824b35255710828cd64889c630eef99ecf8d0d 1580883333.225962 88 
1580883333.4803202 6bff4bd175ff12d6278cdd7e2894d197a62740bab9f7988c2c2483a58a31da4c 1580883333.4806793 88 
1580883333.8235862 9cd8995aac3c990334e007090d28bfd29ba72bf15c8f55c423a4d36096971de1 1580883333.8240075 88 
1580883334.1035511 5ec90d623500e82d02551d37986956a498a396355555a27555459740b98ec63e 1580883334.1040409 88 
1580883334.795085 c37d3505ffd696c3a3ffbb6ef5f35818238740fa0895bee1013c129c7864d498 1580883334.795456 87 
1580883335.1438339 99b4ac7278a72e34f2a231985adf572ac87c6f349c188879a6b718e580174c12 1580883335.1443 88 
1580883335.2849054 181379f2ea52b6e3f42941a49a23d43bd9c3777cb1a767b38e4279ab5537d11d 1580883335.2852244 88 
1580883335.3869886 f825cc1c6ca9b1d95b1ad1c7b5972e81695c7a9a611312fc56097b3eb0a9cfaf 1580883335.387349 88 
1580883335.4731321 141e566d7592730b740ad1270afe30f3c93e05ee5f96ca81911bbb233bade1ab 1580883335.4734783 88 
1580883335.5545459 e3e95a9aed39cb70da4b32ffea904a8147e15cecdef1fd11e03b6f821b23bf35 1580883335.5548673 88 
1580883335.8741758 769e2bcbc4def34378889df99019d82fa4888b5e39e62c6a4872c960c07d5678 1580883335.8745139 88 
1580883336.1269665 9c53fc8174c7d2399ef3a7843b4f4a3f191d800334bb022ca32096ef8610e36d 1580883336.1272771 88 
1580883336.404414 04d1475f2039e2d0ce42fda9cab827047eab1226bad67c2653a750eefa867449 1580883336.404749 87 
1580883336.5600922 0613bcf6dceb4c84f062cdb1202ffcf73b6330803aa4f2e1f3b6fd621780d8ea 1580883336.5604196 88 
1580883336.6477752 19b8860e967d01ff9c8e307845cd5ad792e27c49e22f122441c643a1302661bb 1580883336.6481557 88 
1580883337.0802538 f3e189dc027ea6a6ec4b99b75a4b44ca6771941e2553a44e8080cbeb2bd5a66d 1580883337.0805888 88 
1580883337.3022113 a557ed8775dadc82e629bdbb7d7703310377e623bc873ee5b997a9611ee16424 1580883337.3026435 88 
1580883337.367819 b726bf0b5e56b10045181f8abc37b99b52dd0f647eedb5c58d13f715f2c10d12 1580883337.3681717 87 
1580883337.5963147 498c95ce7b9f5a35054e9d4ddcb9d1b1234f7b7b47c84c126df4619ef1bd45e5 1580883337.5966659 88 
1580883337.704802 2131758838b1a6c78575a2c878a8f1b7d1ee1263e2aca35d6602b2c0b96be769 1580883337.7052317 87 
1580883337.7710733 9d439ca7572cf5196ff3afb1cec40e9895df24a3de455fbe6c165b95931855d0 1580883337.7714217 88 
1580883337.9338088 82ba5695f2310ddff78b3d5a6dee3cb3b2f203eb0424482b807b86edebf986f2 1580883337.9342983 88 
1580883338.0084007 47ac4ecd19bae7fc50bd912a4080fd2180b84e1dd63dee55cde4f61e0e57ab49 1580883338.0087538 88 
1580883338.4129586 2b52d97fccff8c475e21fb0ee0c55bfd8340eab424118cb58e923ac2f1fe0689 1580883338.4133325 88 
1580883338.441138 619c818e775a91c26c8da9bccd40f7316d12879ff6363161e05fd71cef90d8f0 1580883338.4414313 87 
1580883338.7225633 c99dcde54d928440b99352b46210a5fd6219e699caafe05898dcc4e3e44e103f 1580883338.72292 88 
1580883339.2019978 61345a9107829dfc0f78710be6116d9145162668a13d732f7fa8e8cab8c5735e 1580883339.2023487 88 
1580883339.3484871 ca6dadd9ed4b491ea7c266ebcfb0b114a3b10c5a9e2f303fbe421e3c54c92540 1580883339.3488195 88 
1580883339.4695373 e1a3662c719418eb79c024717c74189ccabca7811a10467b99aaa0fedef78082 1580883339.4699523 88 
1580883339.733901 a53452fdbc2b55bd562633492ae18b413bba9f37f5c70e3f1a6127172ac9a945 1580883339.7343042 87 
1580883341.0447578 1421ea45e677de1390f6031ec1b083a8a3b935bc1e2698afd4346b56d1fa3ab0 1580883341.0451443 88 
1580883341.533698 aeb443d550f50b889ccde3eaf5f39a35bf3afb78cd33d866af87e92cf2eb4ebf 1580883341.5340524 87 
1580883341.8854718 ac87d1ec2cf6c075865e5f751a3b8e3ca961917e78ac33bbe114e718cd4db3d5 1580883341.8858697 88 
1580883341.9079025 96af7b0a565b4f5bb5838474a25ccf8ccafd408ea76b8f2f08132fbfd1e120a0 1580883341.9085324 88 
1580883342.031629 397cb9e87c4043cdd7c5bb8b3ca3ee786f8fbda437ad037a86721856eca475b0 1580883342.0319505 87 
1580883342.1811917 108d3c97d0e6c483a96cff9cc8a0ccd170eb8c6b9cc55fe0f5a595c0930bbc80 1580883342.1815448 88 
1580883342.3640914 a6f6948bbb41fa45e53c18026904c87938d1f99fb9b549e2a6bed6fe961ed3d2 1580883342.3645337 88 
