1580883242.4280317 c6b9b5947090b03e39428d831ece207b3ad3e4e65a6b41732a4a22a0bc5d2e52 1580883242.4283912 88 
1580883242.5985343 196fa8a120f052d321c59bc11e490f9926efa4cf1532191939da5d72d61887cf 1580883242.5989995 88 
1580883242.657948 adcaf4c9a6856b8a292dd77e6b0cf88a884e4acfc52f63904499ae476c23ec0e 1580883242.65829 87 
1580883243.0553486 1415cd8e8efbb34ab9d9587f7b659275eb40212fc09c7ff9cf55af0804e9db12 1580883243.055833 88 
1580883243.4171019 a23b58a462ded397db92231478d9342c7db2f05e180a9673f3fe17d4f978b7a8 1580883243.417605 88 
1580883243.578409 2db0cf70dd290cc68c0212b5d24fe3d5d2ce7ba8effe70b7fe918be0b0c4f1af 1580883243.579663 87 
1580883243.7436318 4e4d96ed6b9db6f3f835c2ab32380cd4f83be8c96b4df4226c050acf4ebffab9 1580883243.7440293 88 
1580883243.8623688 dab76541ad3dd3e468a24f58e33b22e64eac5a2390e11f12aa8d0bc8c3338b43 1580883243.8627763 88 
1580883244.0436363 8b3f23cb6b6f15b37e705203f31e13135aea5ca11b7ad83d3b802128b5d45b40 1580883244.0440133 88 
1580883244.1317036 ea59fe483a515ac8be46fac02cb128fb6d1985d1ae73612486e661ca0d8ac6df 1580883244.1321127 88 
1580883244.317655 7ebbc0cef9edc4ee584e1091993ee0e1cfe7dc91812107039a475e3af03c3ca1 1580883244.3180723 87 
1580883244.3370166 9278138bc1ee7c7ef3d9a54b5a8fba2d6d8dcee24778277f822a01a22a6b3211 1580883244.3372862 88 
1580883244.420714 fec4dc03ed330de35b86557a3929fc00cb25db2aa2d3bf748e2f53e75d4b19f9 1580883244.4212234 87 
1580883244.634946 e816284e7659dd50f34aadda4365b9e8dad98411bc78b97d3d7c57fc91b28817 1580883244.6353283 87 
1580883244.8240273 c7fec214da5974d2f1b8680c8f605ddb9597f15dbb8517c0225db484554a183b 1580883244.8244238 88 
1580883244.8622155 7a81bd9ed6a82265a81ef8523fd07d25f38260357237725883aae3493522992e 1580883244.8626797 88 
1580883244.951093 ff879520b2c7a08e7afd1f10db2960674f3ad069c61c692c0e4d51f65a83b6ec 1580883244.951559 87 
1580883245.0002892 d90a1935cad9afa713283b6f9307efeece881ac6a797eaed2634de558248b105 1580883245.0006511 88 
1580883245.7140787 d3726f87e24a622dd1e2cb25be5259124490506172881942ae612767744e9d5f 1580883245.7145267 88 
1580883246.026348 16e65f70699839362bfb7aec1f92772e4b48c4c65af3b3a3b5980875315be640 1580883246.02678 87 
1580883246.6198921 8e1c30208243df02d99f540b47ffcd732db5db441f3290abdba1dcbff804cc97 1580883246.620319 88 
1580883246.6670115 8cd69588acd11967f907f977523d8c1271eb89d9cbb1196afa0519f65612585d 1580883246.6673539 88 
1580883246.725332 4d7cdfed4ae6b9463aed4962f7688b0b88d4338ff1f2d582c64c3a1af5535b88 1580883246.725757 87 
1580883246.7578576 446a36a519e1378a03c839b72d8b167bfa071394950d249066d110f9e075af59 1580883246.758183 88 
1580883246.9639823 0f28e16ebb1a36d492535c7f5e5683c8a93b4479e013e3c570e3219911123d9f 1580883246.9643998 88 
1580883247.1363397 693c917efd0ba88f68c1fd9e7f15bcea880f5a7dd68c112dcea2501337f99449 1580883247.1367042 88 
1580883247.4221375 797bcc5dd11ecaf80afa52493eb03eb11cee156f072438575674a3ba9cd2cd48 1580883247.4225712 88 
1580883248.350074 3565306994976b4428483a5b95c9a9fc990dbf36198c2ca1ae14db2593759d61 1580883248.3504696 87 
1580883248.6581693 f2aaeb7b4227c566499ebdf97c43698e8a7f6276ee71d01013a3627970d5f40b 1580883248.6585834 88 
1580883248.849855 0902668503728e8f0d45c0bec8efe8ae6de52e8733fca05ad6fe8b23c882a8b3 1580883248.8502195 87 
1580883249.0592003 ddfe8d5f33ce26b05d9ccd3f7c81878390f8071ebebd9fc058ca2a2433a273a8 1580883249.059608 88 
1580883249.1287138 fc1e7356eef0670410c2075a032045489f7f41cf306186496f149b84da1163a2 1580883249.12911 88 
1580883249.518381 656af043d67fc6e7672dea0ff637c270fda9f735a22fb390b61445d735660c5d 1580883249.5189538 87 
1580883249.587328 9691b20ae3e784c49caae10dc08b0672494b209cb41f8645f41d330a1022ae12 1580883249.5877764 87 
1580883249.8102355 ddf6c5557c022c9c6ff980de82a7ff9bf8a4fd11370175f4098783c63c6bf938 1580883249.810803 88 
1580883250.6075082 22a02f8c517cc228c784edd1400ec80d39c864953e8ba3a705d31970d722971a 1580883250.607908 88 
1580883250.668688 ce6cf921c6993f8319c1fb3dcd59cfce845daf0406f8f5d97cfa995dfa1f766b 1580883250.669123 87 
1580883250.7655518 1120e2a3bcaa45d6303b004e001f4539a0fd564852004add0a410abaf9ed7d27 1580883250.766045 88 
1580883251.1359744 e0d844bf652712b27ad54dcac5d2451382722c632e9c981b0c8ec048e3e54936 1580883251.1364982 88 
1580883251.4566655 b9645e796a29700de2ee90e3147a2d6fa83b71e2a5c411f81de5977b45abd4c4 1580883251.4571667 88 
1580883251.6122718 48a54de1d9c19024badd9dbaee5a073b8d525099ce9ca7648423ddf06df30517 1580883251.612685 88 
1580883252.0360737 4d70dcc137c7e63233cb557c50f2654eaa1a8a3481e24b87075043c25bd3dd14 1580883252.036519 88 
1580883252.8015056 c2f7d395be692c5c2696e557eb589fc0d424ea4a5e83b0315f70f53b98c90e7c 1580883252.8019466 88 
1580883253.364421 9f64a4d693f3e33f80874138fd22a3866ae3c82b673976228401f442b5545afa 1580883253.3648405 87 
1580883253.5040395 e45610f7072f6dc086e8d639c39428d0c79e1adf4dae73638d600abece9d2c81 1580883253.504522 88 
1580883253.550369 4a804f7f852d6e0fbbcb92d45f50eb6d5800445b5390441d526836911c31121d 1580883253.5506754 87 
1580883253.6836135 d1b3aed5a9c81d22ed7b3f6e603bc38d2af5450dba9617da2297d19340a4e4a4 1580883253.684077 88 
1580883253.9002397 075426651cf3f39735eaecbd08facc9402f74cf44efc9c657b9662555a2389eb 1580883253.90071 88 
1580883254.0951107 36f16fc727c12136cb9b07751deb838ec272477d4e1cf381f9d8f54e7a329ae3 1580883254.0955381 88 
1580883254.1830316 9575403814cbe1a6dd5fb95a79f01f6d300c14133ca7db81ff5ae25c3fb6dd84 1580883254.1834219 88 
1580883254.483968 a71d741f285eb32c92f09a1cc560f0cccd8996c214b1c82d70ca98bf8bc50783 1580883254.484437 87 
1580883254.7074668 ba5ce05e473ecd075f3e5a27dfd32812085c3ec28aff39ffc72cde1eea44b9f0 1580883254.707975 88 
1580883254.8857768 ada33feb29010ac1076dadf738c6dc164ae172e3d83927aa89b47eceab3bccad 1580883254.8861969 88 
1580883255.0118303 a5dc8c72ad63ddabd187ea525d157949ed93a8a2a9be372d85bc4af8f7cb7b5b 1580883255.0122864 88 
1580883255.1525004 eca2f3c8025e671727c1ab7f41885d26ce1c45a2765f250ded666efc1fc7819b 1580883255.1529095 88 
1580883255.1994703 3ba480df0b7d623c4569a64f1410623c14bfb67937db96f0b8c0d0e887752169 1580883255.199953 88 
1580883255.4709477 f053e8e08befbf93be628dce08b16edfd2a59907ec555aada7dbc40914ff54c5 1580883255.471345 88 
1580883255.8562517 e8095a2d3bcf33dabfd2fceb3c36fff6d688801a2ceb67e4c9e9dae93c1245b8 1580883255.8567338 88 
1580883255.8611422 08291b76fa7b645b0e77d695bf4fdf4a400adb0cfcd3db5f64a2743638e30f8b 1580883255.8614106 88 
1580883255.9764562 242aa2a0ca5e551c47f30006ed54ff191ecc44a6041403f2e0008be152c86955 1580883255.9770317 88 
1580883255.9914968 35ac8aeb504f9780eb1a017180baa2fd139ad1c8f70ff71efd4e85a7a2d0f722 1580883255.9918218 88 
1580883256.0090985 922d364e8164e97e7256510a54014b3348d49d7796e8d82bd0869378d45fa85f 1580883256.0094292 88 
1580883256.2019012 a0b6fbef61f79c1ce80ee33151accf39e6e2d51dcafac0d5022d98dc4e285217 1580883256.2025034 88 
1580883256.2940693 79ec59f6e56a67adb5ab8e192a51530fb3bd1b86a76b7f9256b0bdd4d0d7e309 1580883256.2944975 88 
1580883256.30595 b762fa70847e4b15cd7dc0dc09ba701385a3445a3b1c7ba8bcad8ba25c5e173f 1580883256.3061743 86 
1580883256.7410555 5e5187b7bd9b2f10ba1d2fc5c67392f917d07bc71f4972a955fa6aff4bc30d00 1580883256.7414525 88 
1580883256.8318396 795f10261b6f50837b0512fce397b1295b627f49c6d117e9c33ed3044a005485 1580883256.8322837 88 
1580883257.078207 05b00a5f87164b3373dbc1a294753f0ac3cba5c4b03e9549705beda01fe24615 1580883257.0786912 87 
1580883257.2056606 6952a2ba1d46dcf02f35b46cc005e175a22421db91d374d27c696eabe221e0cf 1580883257.2061548 88 
1580883257.2716615 40f6b0d0e10c1cd9c9ff6051f9a66e4f0ffaa88be00c1186187747e1b042e2b2 1580883257.2720656 88 
1580883257.363375 79bc6cc6909bd5e2083bc9354e796b762471143ac7a414093454026b13353ad6 1580883257.3638997 87 
1580883257.4246178 0652fd6a226447cc09c4adc410af4592b1109f52a8bc6fe4076e51564e1d7289 1580883257.4250882 88 
1580883257.4405763 58b6fd208cb5231bb63f221f35d94eb646af7848104b71b66a052fac9e87536e 1580883257.4409091 88 
1580883257.6253996 ffd96cfc8a9e1c415e660c1de89c5886040b9fb883c4c713906a160bec98a9d2 1580883257.6267138 88 
1580883257.7330604 8f911f6c8000236963a98909e7814bb9c10f5f0aaf1f283357e2fd24f162b426 1580883257.7337742 88 
1580883257.972088 b76a7cc25286cd85fe94c33cb416c45da5590c34284553059ca0a37295a64185 1580883257.9727266 87 
1580883258.8336873 583fec85eee84178f44acf547ddf7594443625f2811eba651def1e3b7ca0a441 1580883258.8341696 88 
1580883259.0369537 3e46ecc6f96520012dd6265584d530f0f455333c68cacb54b602b331b89c844b 1580883259.0374222 88 
1580883259.3141885 5fc4d269f73332075be45b6933a1c261fa23914eea07e61f966b6213f49d43d5 1580883259.3146155 88 
1580883259.3154674 8b092a4270d0bd9798ef06cd0726ee089259e707d9d09bff07ac2616ed10359b 1580883259.315669 88 
1580883259.6335876 d2728664cecdc6b7f951c6851a4c1ba7720837f435f3ca5596c72a96e476a86c 1580883259.6340458 88 
1580883260.0670989 d481339eb8fab5f2770b3ad883ad4de41ee36f848761eb59b301fef20a3b81ff 1580883260.067505 88 
1580883260.0721374 38ee4a7ee1173356fb9e37a31f5ba60c7dc18f06cda69c4520594d6582035ba9 1580883260.0724084 88 
1580883260.2744222 00ba8a319e7c92b933beaf731eb1cab64d9f1a6b846f5cd1fee051218823e7a7 1580883260.2749512 88 
1580883260.4529824 2c69dd99c756b2dd474cbc8426a161e77ba0257023f287f5aaa04df47d1ba5fe 1580883260.453447 88 
1580883260.911271 da29caa3e5d0e2ac260e55e3dfe703db76a05357fbe04795032d5a3050e7adba 1580883260.911756 87 
1580883261.622811 14e4e2c3bc2a6968f1667c89d6420f5f9e48591ee442c8b232e6f08248f73cd6 1580883261.623369 87 
1580883261.7897 1dc9425c3512df80ea09fd5415ae2d1f60ba08fb45ec9d92df0aefda4f4354d2 1580883261.7901533 85 
1580883262.094953 3e98d56242deb006261622f542ba08560c22577c50f27ca3371d703bce0a7d63 1580883262.0954614 87 
1580883262.237583 d19d4da2315664403cd02d81cb924ff4795ba39ef3b06f92f6a820733a6bccdf 1580883262.2380633 87 
1580883262.4096167 75f27a1612ff8f869f159074f9c4f818a8856eea09df23cae0f0e08f4bffa4e6 1580883262.4101515 88 
1580883262.4493525 940c83b9811bf505c75fa68f2925669c7d4cbd4669d6df3283ceffe88cda2050 1580883262.4497552 88 
1580883262.5573354 7884983671435ab61f779989d98de16ae6dfaf97fff407d885d9d86338e3cdee 1580883262.5577323 88 
1580883262.6451542 b50488f89ae166c822bfa25dbd3c49dccbdada110993c25477fa2a2a6847986b 1580883262.6455977 88 
1580883262.9384482 5e0228e71572cd3388a25689d7bbeaf4ac624a2eb224f22da16b5b4d0fdfb1d2 1580883262.9388611 88 
1580883262.9659202 013e66e090a7fa84c338e107c804d832453708742846f3c6fa668d566b7b1dc6 1580883262.9662554 88 
1580883263.0259125 f54a2b6658be6612a3d43246950b77190e2ecf832c70431bfa96740e9ed8da09 1580883263.0264149 88 
1580883263.186434 8113c85600ba56c56ee543df7692256ad2d302526f0dd35dee838468a24f93fa 1580883263.18689 87 
1580883263.3716874 01cc57ce1f58579cb73aa89299b4db8aa68d9ab233dbe3e1a59fd634496b836b 1580883263.3720806 88 
1580883263.3816993 45d6ed6d3ca9729973a181ef54c504e2a7b65884591c1533ba49204703f38e19 1580883263.3819532 88 
1580883263.381991 b7092804f2523a2507be2d94c06d79c59ac7977b70738b1700ad1833fc85fd91 1580883263.3821847 87 
1580883263.4340057 5273127a777e5112f303ea259523326a445eb939b0be346a8c5a42ba03ab608b 1580883263.434406 88 
1580883263.4992154 6b0a86d50394cccd4c68f36c97b0a05568d40de0106ab4deffffb2304a8c2c04 1580883263.499642 88 
1580883263.7395892 d17d83056a37f4e75cc797593cb0f465a417c39dabae5d037d615b063a817559 1580883263.740104 88 
1580883263.81027 583921c916f1698e34fe0018cd21b537f43e3688eda11f2eab88f5605351ba84 1580883263.810719 86 
1580883263.9122713 bb6e475ceb1f1783933d2e8a073c95002cb642e7bc1c9fead3fbcc5c3252621a 1580883263.9127245 88 
1580883264.6991286 bd8c87bbfd63f69f7b303368f8ff6258e1e9f38b672b9b2ca0fc39b21475e609 1580883264.6995966 88 
1580883264.7199724 81bdc8f08b29f34892449921e6a45cd5befa7494f56e76db2f85fd26bcd29b8b 1580883264.7203898 88 
1580883265.0629828 5641f85160a50a4869d1093968b6af2b3c2fb821bc5874a8bb60f89372e969e0 1580883265.063519 88 
1580883265.139648 db24c02f377b997f7bdc76423c66fddee424552eae451282dc2ceb4c4e4dc27c 1580883265.1400645 87 
1580883265.2817276 9002eccbbed54cda27418e522a7c545776b2110ae25880f8625b3c9cf8eafb98 1580883265.2822466 88 
1580883265.333395 6cb77f37d26b4294da39572b4b837a35790485852443539fe941ff7ea2d2ed48 1580883265.3337436 87 
1580883265.3739831 830fe66168d4cc82d5fa26a08526fa44bd52237003fc16a75f8882ed9efda530 1580883265.374406 88 
1580883265.4182055 ee25bd38d9dbbe3e381a25d0cca4e5d9f02bc069f2c70078f6601d120c13b848 1580883265.4185755 88 
1580883265.7419178 003193aed40bec78fa817bdee2e3eabfc3d49c8e53f9a42b3c83237bab76a7ca 1580883265.742348 88 
1580883265.9682794 9e4fcfa9e644b84ac25b3a94e7e49211f3f155f548461e72437efaabbb8284f6 1580883265.9687185 88 
1580883266.1302843 f051084adc3ec317b8e83a49a627b7fb0fc45bbf355d02340eea5aa03c8440f7 1580883266.1307154 88 
1580883266.2261388 ee251b49991bacd22142ebd30d15758c65d1c2b828c7e7aa6f16ba48b37d338f 1580883266.2270048 88 
1580883266.9936678 50a07ccede38f1b2bb6685d62333d771e4c26ef819096da3ed342b26f34fa352 1580883266.9940808 88 
1580883266.9960597 29a265e55961adb625bf0525f995f1e4eb9ea74d8386f9393dc6f77a9c44fadd 1580883266.9963388 88 
1580883267.241542 099168319f2b65965bff5df8da1b554b22f0183686bb07bee3c10405eed3ba8e 1580883267.2420082 87 
1580883267.7274003 43392b84419705a1f838a984ca71e5f170635597ad073712cb1741fbf30c1550 1580883267.727851 88 
1580883267.7786417 9d66bc983c273f31a3fb91617a7a280ea114baece9a728e7bcbdb74b1344bd83 1580883267.7790048 88 
1580883267.9277346 014cc89d209a6f682f22093a25b880105395616c06662bc211fd9a1c329f21a2 1580883267.9281816 88 
1580883268.0456212 c61f1f6934ef1f98fe11629efc57053e045efb0e1a76dbe5bcff13b083e17b60 1580883268.0460238 88 
1580883268.3913038 ec7ac8cce7c8577933cd3a0b8f94e3bfd022e948af2295acc47125240fc75709 1580883268.3917177 88 
1580883268.6112597 dda82e7927affb8c82659efa7d1dd4627895c1df06328ea1f4829b355097c08d 1580883268.6117465 88 
1580883268.876101 a89abcfb9fc9e2eec2e8cc9d15dc976b1df126f7f881cb1aac13a256377c75d3 1580883268.876602 87 
1580883268.8937972 83c8acb8342787245aefc52e7da33c4db8414b91c803d38b8647d0ec9073a1e1 1580883268.8940513 88 
1580883269.1682262 50d832c5531ff4451b9eeca3ddb6130cfd9047f15feaf44295de5f0b897aff8f 1580883269.1686265 88 
1580883269.6332688 89b8a8a513e55f24fdbf6bd5b138d1481890789c473e4a82d0e71f9d46f1f293 1580883269.6336477 88 
1580883269.798521 0affafc38d31beac428775c78dd436c2efa8fa0c19ef1afc06e9e71c0d9a16b0 1580883269.7990062 87 
1580883269.875178 bf57d2fdc5233c32245675add2cc5b369abb4a70e5a4f398c689eec0d86c8492 1580883269.8756433 87 
1580883270.7224176 f5b15910ab10f4808c5dd70bfdb7ae3f02ed16917d8cd535277d7cec7daa0213 1580883270.7228565 88 
1580883270.866585 d98db79661700bd31d92ac7bc5fc516431c1b30764d2c481a85a57b4b9ddc367 1580883270.8669648 87 
1580883271.3930094 1eb368a97e2ba8a3365573f77604660e9e384b4c869f066106ecc4dcce7af7d5 1580883271.3934658 88 
1580883271.4211702 47b1fb555338d1bbe035e458b28dce47a729fd2d7a7aa7f229c36e8ee2c512b7 1580883271.4215307 88 
1580883271.8509018 bd711d96eb34e692ef28fed2d2c7722b946487055e4c30019458a7e2d76d1c77 1580883271.851324 88 
1580883271.9166715 5d26f9d08b4ea3c5acdd8aafa427f49422885fbccc74db9fab48b674c955c3ce 1580883271.9170754 88 
1580883271.9537024 d03bd4e60a63906766d6c9976e0ff5599982d2ee2b20b76d2ed09f29c26c5e31 1580883271.9540904 88 
1580883272.0730176 c1323664402c214bbde31a509d06dd33e3a013114f64f9284ee53c9389e39abc 1580883272.0734773 88 
1580883272.2416706 61de479916a6b85587686f2dfdb90a83e3637784adc50459e43b69f7683705f5 1580883272.242098 88 
1580883272.4199595 2a26830b21036f0ac3642d731f9dff98da55b6a7dbb3e3d16f5f4e884569107e 1580883272.420356 88 
1580883272.8528464 b4bc9f7d778e1b30e4a30d5a09c8931bf0f88c3e6cc3f1d3edbef719f84a64be 1580883272.8532565 88 
1580883272.9800727 0b77a4ff31f26c75401a2b3160df1e4be8785b6ddc1688a8e0a2ad778422c9b2 1580883272.9804718 88 
1580883273.4975653 88e8cf69b8689cd561411a6f54dbb190ed0d0e2a7e10f55e7198721889714413 1580883273.49806 88 
1580883273.5306475 54b65e96c5bd676822d29512534dec303030e32a5d2f0a37422b441f63304f47 1580883273.5309951 88 
1580883273.6032443 60c25ed8742bca049e404dbb611d36fa64fafee3150189aea341bcd7868c578e 1580883273.6036808 88 
1580883273.6715376 9add0822b4b1f76269373468f3994c07faa11b01e0ba8851a233fb57aa5aa4ba 1580883273.672004 88 
1580883273.7189338 62980606bc2bc9a92bd4d6919cc56e63971056f68600c624d235273110a46089 1580883273.7193432 88 
1580883273.9201128 62035d7ee3dae25c7f1c08dd39c039222eeaf1667e61b2b7ac81180e2a746f3f 1580883273.9205015 88 
1580883274.0847952 572f573b66cd365e3ad9be33ce81e52be0afba3b92fed57a1c848c0e02009677 1580883274.0852296 88 
1580883274.1831884 e4e945e8e4a83d749d124507da4d26dae8802908a33cf28326544ecb18110905 1580883274.183684 88 
1580883274.1873634 781de101198b0836fe14f7c7394aa091a0ee4f24d039f4c090ce88339858d2e4 1580883274.1875863 88 
1580883274.6908662 66567bc56df529229cc8a42fe4e38068c7f3d2284fe26820214e0833dd21740b 1580883274.6912744 88 
1580883275.0820024 13edf7c27e47a68f3356ee6808664bd9f99056f12c7ca1816391f80c407f385f 1580883275.0824 88 
1580883275.1354373 ab0c6d95e5a0fe1a66f68ded3abc8625d9809c098827ecd09f90d4561a4ac3b7 1580883275.1358047 88 
1580883275.166201 35a6cec4c28d467c58620b095d9fabdd62426a0d4b63507cf0c515a18c2cd27f 1580883275.1665902 87 
1580883275.2178857 e9b5bf7865e87b4393b7e343648f3626ba3300172c5e27cf9b6da30f2f90d85c 1580883275.2182806 88 
1580883275.242027 5146b23eb52dfef85a8cd3e8812df0c17ab91eaae02b16a7109663d81ccc9c05 1580883275.2423286 87 
1580883275.3245049 7548fceb125bbc47e96bf47b8cdcc058907fc7b810e776190e7995348fbc78b5 1580883275.324885 88 
1580883275.572895 7d048c1eb2bb9ae76cace63a47a9bece7b703d1bec745448cf395a0d0a7e2b9b 1580883275.5733469 87 
1580883275.7194488 51b485b8343df65dd482779b3dc996f080a92b07281b1bffdc1825ae1b112832 1580883275.7198317 88 
1580883275.9022322 9dcfd8349e0c1bb9ce5a236e0445ad432319ccaf73781eb189e3363dde627f3b 1580883275.9026372 88 
1580883276.099446 4bba85ab00cb715e77178ae117589c6255c26dcd9becebdef6ef914592aafd32 1580883276.0998313 87 
1580883276.3069158 3fb3f60e8d04950b47c2e5516bfc338a1b94643feafc7da67cfeab57f0a3126f 1580883276.307303 88 
1580883276.6841197 fab2b494e868a63067fa58a632e8ec6cdb950e2d61f50c765dc3f9f2651bd919 1580883276.68451 88 
1580883276.9988728 4029819097b30cd1c6af91139313954bede27ba913279d20f8032cf378aa2209 1580883276.9993634 88 
1580883277.0538168 e880a8dad5f1970e5ca585afc38a808bdde11ed4661d026f1dfa40b2fae1e3f6 1580883277.0542636 88 
1580883277.1118348 1f62ded8917c74d2bf472bf3fd98a82392225d5ca24eb06a945c53f8cd12b648 1580883277.1122298 88 
1580883277.1342652 3a96f7f3204b0c56ef075a785d1c84cf79afe222ec347c76ad9a6438cc627893 1580883277.134545 88 
1580883277.1645198 a7ca9606afdd1a7c7119a643d9d977edd141a70690e2ab40d7dc3ac371994dc8 1580883277.1649034 88 
1580883277.1926873 669eb648818a416b17f9200a0f6fa5794c9b46b8710f67389ba94cfb206f2e4b 1580883277.193032 88 
1580883277.2150905 f8d821afe6f2b3aea845ed8b28859f551384392ba0478607166f72a683035a4f 1580883277.215419 88 
1580883277.2492094 45d71ab07e8423948d72155f6d0dfa1eeb7fca508242a7f9a6804c4d72517ddb 1580883277.2495458 88 
1580883277.2536414 8c31508b019c2418ab4b2a6dc91947e57cc34a57dc3bbc9ee8efc3bd520e5a9c 1580883277.2539353 88 
1580883277.2565541 035ecd2f8740bd79a0d6b3bcabc209179de077ffe81b5e17299bf315d9f36a6e 1580883277.2567961 88 
1580883277.3046951 c2d87f87d434a8132657e8713c98fd4b78e211662f5d39061ccbcb5dfcdae9bd 1580883277.3051372 88 
1580883277.856827 ef1760d429c0711b0e394f352dea7683b4cd6b942c600631444f05df2ae5e35f 1580883277.857217 87 
1580883277.990071 695f2289a075c775b755ad876ab0c6f760ccd6dc1aa8ef81348f5727c91cbd5e 1580883277.9904768 87 
1580883278.0376136 fc1bc5e7c1f544f257310d02a7a745e6790b425f76cdec7123f494ee92dbf935 1580883278.0380385 88 
1580883278.1097782 df61acfa5f2f35412bdaafae095ece1e3b5108f6193e8a7a9740e61f90e9ad99 1580883278.1102273 88 
1580883278.1166456 1d5544d6eca177c2b0a2fc3ec168ce10a0dd23d8f74e8282b4cc242e7d1d1cb7 1580883278.1168706 88 
1580883278.1561623 9331336eb81e537e9ff1c397f37643d5760b91f3bb93f6f9778ed5172a7f6b5a 1580883278.156512 88 
1580883278.5268915 baceb1e3543b0b1880b0897efb8b386c54435f69d8f5d5c0bcc48102824d09b2 1580883278.5273461 88 
1580883279.0483472 602c21602309ca3b45ce2ac0ffb22f494566e8a4ca855670afa22b09e8b02e48 1580883279.0487208 88 
1580883279.140171 3176600bc689479b55d68b39ca537d87c8c6b0d865c3c9f6be0e7e7b145e2065 1580883279.1406066 87 
1580883279.2659643 68f1ce2ca34bb62d2cd4f5ca983d4f1e82c9e2af320166632cff3e6bf96cd0e3 1580883279.266357 88 
1580883279.3185556 11c655d5b782c1630039610538e828a91e1dd5c83eddc4f034188ae8e21aa176 1580883279.3189404 88 
1580883280.0025322 6d054acc1c0c9e12304d9593902146fea9555347296e76ed3fc0ff567935a823 1580883280.0029 88 
1580883280.3322725 f84542a5dcc9d1d3f131104528fa77b4f72a2ba5b5a655b39c6490e4df70afcd 1580883280.3326807 88 
1580883280.3853512 0275c680bbcb905968f11b9b83821df8ac44a36e826d9512f6f9f4775f2579d7 1580883280.3858297 88 
1580883280.7434404 03e3859fe691c2d6126484fb347d248d0377c16515714c5b1f1ca4473214d839 1580883280.7438383 88 
1580883280.9834168 4d86a2456f9ebffc6679ce9f988d9081ff891ac56cbde1a3e97630d468cf492f 1580883280.9839122 88 
1580883281.2211823 0f125636d33cca810286073d7cf0ec9e6fbcbf70c352767f82a726f3be640dfe 1580883281.2215788 88 
1580883281.260105 1f73960157989b702d2d4745ed6b616563751e506aa1b240bb34f17d2c1674be 1580883281.2604568 87 
1580883281.5059838 5364e43b973e3df1da3a5aed29e99212c2e35c401c3f0d1c3483d4401069c114 1580883281.5063596 88 
1580883281.5395515 37d0acd62112692aaf1a32d000fef645043fa050a5bff52fad220fd4cdfe2b44 1580883281.5398974 88 
1580883281.6403275 1c11ab996a6da56cf125df598023ab0a21174de72e7f1bf63b5c65871736daf1 1580883281.640805 88 
1580883281.7958546 afa6bc734163fac65a5a4fa51fbd6f15b6a4d3071816960d4fe78f5208d79563 1580883281.7962759 88 
1580883282.1802242 ff07600706fd28a6d02e5d931d9e09409a71855fba6f7a476f4d66aa09b1b2a7 1580883282.1807323 88 
1580883282.4717655 3459887cd22fea9b4d1a60d50aec9d2fa1e6cc1b313901f7b2824ed90b083d6d 1580883282.4721787 88 
1580883282.4723318 758c8150b9946be712dd64142ccf13623ed670e5d6a36612cc3f57143bf76d4a 1580883282.4725368 88 
1580883282.6582227 1de5065aa73fb67ad496cab103f9254eb133b9b71acd9b3eb7e461ba0329082a 1580883282.658682 88 
1580883282.7275057 8da0a7915fd1796ab3ae980675d31a4e3c8a8f5cf7e0cb6b0293f60bdbeb1ad5 1580883282.7279317 88 
1580883282.7666523 9d7d980da48eabcc3f361a6d07e4c710f7e7be95e4cd5905d6ad14efda946110 1580883282.7671297 88 
1580883282.8833432 7626d71046feceb3e56bae061da312538304b44aeb52791adf00f7180b3af4c6 1580883282.8837364 88 
1580883283.32324 49ba763b7417d94b0ad0c5a109c64817e2956382c42a4f998c4e8ab1b33526d9 1580883283.3236694 86 
1580883283.5387785 05adf7572acfae01f216959a577d1fb19cf42cc8dbc3958a90eefe78603f53e7 1580883283.539228 88 
1580883283.741955 d7c219554686021a23060695bb597251a6e8299e70e07ee5969a746c70e04ed9 1580883283.7423449 87 
1580883283.9335468 c84fb578e43fb20e852d49071938c5d58dcba3c400374fc22addeb06df10c50f 1580883283.934048 88 
1580883283.9707305 62036667103b766fb49de51cf3e93e337a0202ec949d65dcee3f5541f495c13e 1580883283.9710972 88 
1580883283.9916718 7696d115ea642679534baefeffb0d4b6bb8b4404e7b3465d6020913c7ccb1ba2 1580883283.9920769 88 
1580883284.2014852 dd63ace078ac0bfade39b9ffedb16548d01647f4f05087e284e0e9aa0295cfff 1580883284.2019367 88 
1580883284.3255823 d05e4c9797e5b876fc166c794bd352f8742a1f880acaa4744dd57ba92838bef3 1580883284.325982 88 
1580883284.6533835 10bd8e4ff1a614a4322c96de18f89f5ccef5bc83b46211f7292ed960e468e4be 1580883284.6537998 88 
1580883285.0177088 dc6effe1ece6fe45e97bbd41772d68d556e80c38c1385b41b21c65c8556e3362 1580883285.018167 88 
1580883285.1354687 22b6028b7668e7d247922e5a2fb9a8d9a150d0bc541869c4a69b347436f8186b 1580883285.1359577 88 
1580883285.3310926 fd60b9fc39a7cbb9201893a72ac8def0e012fcf7fabf652929dc48191c48270a 1580883285.3316288 88 
1580883285.7511597 a25b75535ecbdaf755a2572f36ecb23d6b0a8031962e53bad0bca0d9463b3ab2 1580883285.7516 88 
1580883285.8176682 9cf84c5939084412713d3741ba3ced5a02ba516a828d406a4f5eb0c1a67363f3 1580883285.8181407 88 
1580883285.8543298 9ea2786cb7e3c733b79fad516b07da388e7d662be5c96f758de246c6bbc21ed6 1580883285.8548203 88 
1580883286.4036307 0c5f6be515aadf7410625530b21f48ea1712211ef2b898a4ee4b80f64cc7cf05 1580883286.4041076 88 
1580883286.4857728 ac5ea0ae05ef21bd11f1c9a23399ecf8dab984d71e357211a836869a5ca8ce54 1580883286.4863474 88 
1580883286.6320052 2177fbcf7c663d4007a34a71be41675170b0c21eb79ae34ccabcef05bd32808a 1580883286.632396 88 
1580883286.879297 7a964a9c44f5d9ad4ee95552f832b6ef2893baab3247d54cabd4c270d0428ee5 1580883286.8797805 87 
1580883286.8836923 9c67bc90b62c14c1eabfb25d47a6ec549446adb4840f9cc250b123e3202ab34d 1580883286.8839045 88 
1580883286.9158392 9487b70f85cb5d470431eb8e98deb008813ca47d2608d3342e322de7766c459f 1580883286.9162579 88 
1580883287.065881 a15364dfe606bcda4c3035195fa970d4fbccb09e19394f388ba2b25fc9280906 1580883287.0662704 87 
1580883287.076761 1e035cec4f1ecff0a2dd735860059f72d81a7925a6138150a87088d867b04abd 1580883287.077053 87 
1580883287.0979822 1f3c6909b709202369b0adfcc706ffd10a15f8845100f32271407dad4f603617 1580883287.0983891 88 
1580883287.3542142 4aa055fae18662c9522c09cabef5d107e9a374be32cc97736856bba8321de403 1580883287.3546267 88 
1580883287.474807 41dfe2a375807206c55f8b0427ae9a4321006f2a0097077120c851df9a01b018 1580883287.4752762 87 
1580883287.944765 016fa32beab2d6fc54338bd236a204b767f698b6083fce74e26872ab6c482f88 1580883287.9451714 87 
1580883288.0191631 023febaeb83a07780a8a0bb203244d045568d0ac5e77ba675c89d151a5624e79 1580883288.0196164 88 
1580883288.0923662 c9f9012a0e46f2b8fa6e7b61526e0e99244c4cdb40a524251d85dc058a7c1dda 1580883288.092748 88 
1580883288.4293988 50e0f09ec9fe3a7305c16edb3b057b6f309ec26051742240d4f1333ff7b7fc84 1580883288.4298782 88 
1580883288.671659 fbd173c0c04584da23c253ccc169ff87485cdd025273bfe1d437550bd88db95c 1580883288.6720507 87 
1580883289.1417847 b069f0ae0b80998093c614e507e29aad9e5afb82a0d40595296f6635df38fd91 1580883289.1422436 88 
1580883289.4731956 556b87760efd84ae3daf01e4160216f1a7248b246137c4b0c75f2d3971dfce52 1580883289.4736128 88 
1580883289.5251439 571b3c7346831249958b99697d8950f428b29a6696f60c1180c5525652dc42af 1580883289.5256271 88 
1580883289.9115858 0e7168ee6eb506577fa7b0fa950230ff394c33ed367582377687ba83eeea6e07 1580883289.911976 88 
1580883289.9545538 f899ae4d96931bdb23e4f48ec7204f74cc2fb039a293d3af79d08604b93a545a 1580883289.9550557 88 
1580883290.0061738 2780cb12aa42d486e27752a57d7239e5f587db4211ff70278f13db2cde572528 1580883290.0066342 88 
1580883290.0783615 8af3afd64bd41f24ffbe9c8cd363dd583e23a22ffde863aa5a3de150d108d956 1580883290.078841 88 
1580883290.2807553 f27ebd64f001e61a2e679919774a2a34607258d7c7d9daa2ec7592a579b1aaf0 1580883290.2811594 88 
1580883290.326913 78750a8158dc0d8b58bb035894118960f5c5843c213da8e288f7b256e1c41867 1580883290.3274007 87 
1580883290.3282208 e036a91f6161776c1cfa3b78f62723aaec13949a87d39d274ecaf313e21a038a 1580883290.328436 88 
1580883290.3435636 3c7407917c5b917e58cf22df3f58544063f07bd8eef2a76e29645be4ba49ed7b 1580883290.3438234 88 
1580883290.442878 b3afb54f254b90b67732d8694ba80405ae0d537e2c486764d6508640225360dc 1580883290.4432573 87 
1580883290.5763419 647143bc945e902ce2a986ee969d8e1239a6245da4fe55fcf093d34df1673881 1580883290.5767956 88 
1580883290.6223514 d6b1870b44d7977a57efba8f1ab093d8e9c3bdb490355e1b32ce01e9750b9aa5 1580883290.6227756 88 
1580883290.914536 b350099004807bfc24b4d6702aa3e9cfaa36ae6d8450a8cf6e510f70b2356ba5 1580883290.915006 87 
1580883291.5079658 cafc155bc6634136277da1f248fc860ebb10e4132bb96fe400506d6fd2e68906 1580883291.5083501 88 
1580883291.554545 e125d36d6bb6260db46b98fc87ddc5d658a7b862dcefababc4ef9b14dde1145c 1580883291.555008 87 
1580883292.3340044 701220f260217c47ea7cff9fd526e8210cf07b0583eafa7e04cab841fb6fc662 1580883292.3345766 88 
1580883292.3356974 37948703b06b26ff9d2e1a3dd808789ca18c6012afdaf85b9a9f39e62ac32efe 1580883292.335919 88 
1580883292.5411563 9ed3f5f0437f66aa79b6248c0d796a0f433915d2649a78e9b695e53d69a9af88 1580883292.5415506 88 
1580883292.5988832 63a02600e6e2228443ec9c57400846615e42049c688785d5fa3508f5a3236280 1580883292.5993018 88 
1580883292.7846131 a6a15ba2dbc54970417766a5a55200ba1df44c7032463c78965faae314458a3d 1580883292.7850208 88 
1580883293.0221562 7203c2680065d809a0f9447badf71f6b5be9cea228af040ceac35efce4b53364 1580883293.0226395 88 
1580883293.3361564 7556fe74421395374ae0d6ac127276c7a1a0aae523962bae50040221bb489857 1580883293.3366287 88 
1580883293.6103551 d742f027a9a37b81610894afead3b190b0a843426f9701aea9e60f37a93c5ad9 1580883293.6107597 88 
1580883293.6537755 1a4835bee125b7d493f4df8ec15ed33ae2b9d57ca3da74db79b2f806579821ea 1580883293.6541486 88 
1580883293.9383337 28261f5f0b0b35d1c56c5cd39b64658077e79cae30e1d91e8f2bfa68426c660a 1580883293.938869 88 
1580883294.0416124 ad516e35845e0dccb1aa3e6490e2ebd936969ba511e5d681b2c95ae1c40fa450 1580883294.0420144 88 
1580883294.2523787 723acf811101307f28f9f730861bad0f92b5682d5f05a04cc686f85a9f783e2c 1580883294.25316 88 
1580883294.4187331 f919a57aea2557f7bb705e74a4a3e87699d8588e74a56fa51e39296784b7304e 1580883294.4191906 88 
1580883294.4581106 58e6fe449bc574ed6f422562732ee8f1678646ef794323a2aa4b298ff1e2ac64 1580883294.4585621 88 
1580883294.7060127 022bd98653ac4cb6a3f48881c69a619926935a9ae2cbcc5b613ac2f482dfa1e9 1580883294.7064302 88 
1580883294.8283067 dff498bef130b7ec07771317ffd827ad6478af0f0de655ac42067fbed0985cf6 1580883294.8287332 88 
1580883294.8502872 f038bc38fa882f430e0d621a20c15eb3bbb9efec7ed70edb0e4b12f2d2e6eaec 1580883294.8505766 88 
1580883294.9057395 dca5175c742c15b873e95df00f9fd17bd1feced358683c0cbe23ea48b131e5dc 1580883294.9062107 88 
1580883295.3301537 167c2ca521067da96d046322e43fefda136ea13e5577f82e63aedf5843af4798 1580883295.3306606 88 
1580883296.0837758 d9689a5dc94f198c67d2fd053f21ed06ec33286ee06d8118cac8a1b8004eaa3b 1580883296.0841606 88 
1580883296.3822553 5616924b363e0cefbccfc589c1ce9b39b07f7aa7bd151b22c023de693a5b3afb 1580883296.3826604 88 
1580883296.4804177 dda56e9b00500b86739f6333036e62550a7be7da49af0f6680637c5d785ad50b 1580883296.4808052 88 
1580883296.6805737 85bc1e2d6abd39643b61fb6d979322671cdab6a7854511e583082ba86f5bb2a8 1580883296.68095 88 
1580883296.6847882 34276e4423a08bab92229066053ae06cf911ea1087bc3998c67f0dccbd625f9f 1580883296.68502 88 
1580883296.6922443 75e151c703ef0dc0693dd9a6f0c27903b539d7cfa1d98a4886203221511ae708 1580883296.6924996 88 
1580883297.0112092 7ae7ac30929e1b4694996e76f0bd005b3b0fe45933985906d97321b6ce2b9ec6 1580883297.0116146 88 
1580883297.018472 012bdcad96146282ed05d7bc3f2c40e743e1867b6096e8be4e0db6ee75553007 1580883297.01871 87 
1580883297.3419244 681a0f1d7889f51d2b261682a4a6d6d442d49c479e6a7a42bb122c1180ca1139 1580883297.3423326 88 
1580883297.5255446 28320959bbf1c5a96c0efedf37ef1802455bd75f2433eeb0fabce6f1b8d7c857 1580883297.525928 88 
1580883297.6736147 2406dc88a6e3e8e237120e55a9d7d8f27d41ca61b581c6ba99824c4383740825 1580883297.6741138 88 
1580883297.781878 d150f76f536d5d8b75609743c2d9be8a4dc8db6d26115c66870768c56f74e2ef 1580883297.7822378 87 
1580883297.911165 eefd7948e9b43dae9042dc46abd37e3c1b3f86e447b2aaa91dc06e6c479a2dd6 1580883297.911643 87 
1580883297.9265616 9eb7010eff223b37f43bb4aed229621e7ca4c941bcea284731d03bff5faecc48 1580883297.9267926 88 
1580883298.036338 9601bea528ee61eb31019d9a495da79e386942b286a590482ad3cc3e00c7a264 1580883298.036802 87 
1580883298.1602764 9756336dba985fcbc3e77f98d475957a8308f03bb7646fddddac9be70fa5966e 1580883298.160664 88 
1580883298.3088279 e9b721938788d6e5261fc107970533b9ac8793ccd8238e7885608d0686e4c72a 1580883298.309235 88 
1580883298.3128295 743eda600abedcf928b778718bd2c5adec4127da7741158906e194fceb58ab32 1580883298.3130844 88 
1580883298.448785 d04a856bc5a5bdfb03248b4a0cd6852499d998df88ec3ac2b662417638b55970 1580883298.4493206 87 
1580883299.5648365 5cf2b2c97e4f589c67628abbe7ad11bd41bf352d3bf1bb6aab2b298dbfa9627a 1580883299.565251 88 
1580883299.9006858 dc1116eebdadae2f59db24a0d4b8a825bc9d83ab740cd91dd512b245d8c30d05 1580883299.9011774 88 
1580883299.929531 ae5acff7c3194ad5dc95819ccaf7857941994796736164a5cd4e6e595efa806c 1580883299.929889 87 
1580883300.0689301 16c4f3c7b7bc02b23a38d8b43df3cedf4cac28d707fab3d734e93fc5d23d3b86 1580883300.0693045 88 
1580883300.216323 551bec9e4c79f715dae3c1b243341a2c98ad7e8abef81c7803a31b62e01d6d91 1580883300.2168157 87 
1580883300.2335584 65fdb87881a33a0323876f6f805cc02081a25d129c0d7214cf755ace747431dd 1580883300.2338088 88 
1580883300.9431286 675f0d9c1e7241cd6261ef48c27b75490ee0c2060f6cb7f3815c5b00622324b7 1580883300.9436743 88 
1580883301.176356 ee27e204ccc13de15a6609b68d61e1ff93c8f2fca65202e9a99deaeeb9f56f4d 1580883301.1767516 87 
1580883301.7396834 23d79d37a6330e07e83f88cd840108a9f9f25d408a33c3135a5f91fc44de1c99 1580883301.7401204 88 
1580883301.7922182 22bf62b1b6ca893270ef4e44ad0249b80cbeca711ce4855135f98344c1358c47 1580883301.7926564 88 
1580883301.9650323 77d1ccddfbfeff46b580feb01b6cd7769cbf0c7c99d80b66f95035bec271e82a 1580883301.9654403 88 
1580883302.2280324 d0a70a0835831fe1564050a98e9ea7ea437b17b3b51f33a25ed99f3f6a456bd8 1580883302.2284818 88 
1580883302.2725685 60b6926fa1beb459fed5f809f5b1715bf21f34fbe6863b7955a85b035321cae7 1580883302.2729554 88 
1580883302.671879 91728565daddf9d7eb82d265a02f24f2fa72ef072ed050144391146ad6dc67a6 1580883302.672336 87 
1580883303.132174 afc08fa55d948df1ca57dc322b356cedfa919754dfbe7c6961151c713a6c9601 1580883303.1326058 87 
1580883303.3475065 0dd8493c60c3a06bd461d90b52a5cea4db56fc48e94675366bec489071e313eb 1580883303.3479912 88 
1580883303.4303832 0d4a5ff3a40ff43505fdefb03805e507da9c134980775f4f0434d3e61e0b7ddb 1580883303.4308922 88 
1580883303.6114779 92a1f9fbce26b661c42526484ada9ca5e1de5abd8ffd131762f75b2d3eea037c 1580883303.6119483 88 
1580883303.8410826 96d92fadd2831a5d69269307fc0e7fc6fd7c2656ab8f1d2217d96cdcbaa46124 1580883303.841544 88 
1580883304.0340075 3cf23e4e48e9b47bff3a79a95d5d0777c7fc6fcdceafdf48ea918c11738c0b4b 1580883304.0343935 88 
1580883304.169993 00125c0217da7325eb75a911809350ed076fe35c0b117ef02f7d87adff7b07c8 1580883304.1705024 87 
1580883304.3275692 fd6f78edefd840694afc28bec68b91de34d4818b5dcff0d089cd3565926a4561 1580883304.327935 88 
1580883304.5570602 882821d33fc55a3b4ec35310bac26e2b66510baec14e4df4d60f2556af724ce1 1580883304.55745 88 
1580883304.578541 2e211a4f6fd02b77a132b18da5115495364f1f78806ecb9070983df87746bb5b 1580883304.5788631 87 
1580883304.6036274 d6de62f0664ce107d3a23d59acb04a69c5bafa74d4f43ee4219ff05230625b4c 1580883304.6039937 88 
1580883304.782622 f7801b9a78c000014ad754724feb132e1c7a0f0937d47d11a2d35687dce4b546 1580883304.7830052 87 
1580883304.8634033 12394726aec5edf0a1c0cec7f42c9ea0cad5f0e0e40532d826ba707a3ca93dd5 1580883304.8638477 88 
1580883304.941285 299b83415f36f128f342c67966ac1e2acba973858117493439cee61089e085d1 1580883304.9417422 87 
1580883304.9986923 f06d0b976c07d9163531c087c4b64ce88056eb36c5d4d13b813a8986d63e0463 1580883304.999079 88 
1580883305.2500722 3f12d40ed5e9a0f5436b7707d9439d60212b4667cf17b9d1655119536ea13631 1580883305.2505128 88 
1580883305.892882 e5d2595c5409af8520d6d974ada5285333daa7281091ddf7a021f6c06e0109a4 1580883305.893319 87 
1580883305.9339755 4a3cd81db46fcc2c0f46444f668ff211ee45738edaa0ccff69d5590919c6d5b4 1580883305.9343834 88 
1580883306.0026689 9fe7d9e0ec65d158b85aac102945d9524cfe4bdc4b61d58b0faadbb029ff4600 1580883306.003187 88 
1580883306.2429268 2eacac0637bf5c0b5e8026b7fe72063db1c0fb5740211231f838e96a8584489b 1580883306.243332 88 
1580883306.2651196 bb22321435f99b1c000b757ae0bbc7510140cd5b69b62ed968004b91d4efe9be 1580883306.2654421 88 
1580883306.532432 bac62d0075d2846a3d965253734aa9400115b4ae63cb35f6600931ffcfc50246 1580883306.53283 87 
1580883306.6265962 0b3c918236a190eac2ac1828ff5ea4abf8cd6b1ed15e6df8a99631174cf57ff4 1580883306.627005 88 
1580883307.287665 42a28ac2cc6346643e799bd14924db9a88f9dda44bd26e0cdb4f2690c92fc2f7 1580883307.288067 87 
1580883307.4603329 651623a72407f219ef9ab95d8aea04fee8a17e8fe1959d65276d00b73ffbd8f5 1580883307.460844 88 
1580883307.7030911 b60799c6a4562a5fce1290b3a4ec6746062f2f6bc3e9b9e0941f566adcd89537 1580883307.7036076 88 
1580883307.8780284 467231c83bbce1e914f0872ea66f6d26e7f89e415934857b2371e6b2558d4b9e 1580883307.8785353 88 
1580883308.0472066 c5c00fd6a958d4f8bacbedb14b5068a0433cd6153673386b6675b2ed47c72fb8 1580883308.0476196 88 
1580883308.240928 5857d08a5d9a2c7f0dc72239a33e6781819901361fee05f39c809e7c87e7851c 1580883308.2414548 87 
1580883308.2570448 d9ff7a6c90110620fc94f52e933435da46b4af0c0c3b167330318de95fc56b5e 1580883308.257338 88 
1580883308.3459635 e0ea74d51b2fa4d056e70450e27c045ce951ec45586eef9fd262c0b125dc1a5c 1580883308.3464165 88 
1580883308.5085788 90158e3760f463456abc9b5325129561d79085f5c7575f6832635d49965c54b1 1580883308.5090096 88 
1580883308.664347 5c5da2b1fa260d43a590851a51cb21299cb8e79b4bd58cb9e72edd68f8e45a82 1580883308.6647666 87 
1580883308.7911468 2c424c245de1c96c30448368799f70b1f49c8421ba18b37859d4c8ee28f0663e 1580883308.7915745 88 
1580883309.1757886 258e55f1cdad9fefcd09584008796f4eff6f764c179daca2063c49529de2554c 1580883309.1762683 88 
1580883309.319431 de75372076dfb785c561e9e4af80566610eec7f082db29cee4fb880d25c9ff25 1580883309.3199165 87 
1580883309.479114 653a9436476adc2029aa821ff482e9874a5004d1bc865e16e84fef8eacb3a0c1 1580883309.479977 87 
1580883309.8822107 4800aae30b76e3a54af5448e4a932818e76022df162d6b2268727ba0fe2e13c3 1580883309.8828907 88 
1580883309.964 91da75af1da457097f4a25bef8187e8694c1ff3128258769f8f849e3ff417923 1580883309.9645 84 
1580883310.071022 d36d777ffcd3896aefca97beeb48079a144673c6413aede36f50bb1592078128 1580883310.0714135 87 
1580883310.3845959 60d18834aefa72f9d713172bf29ad72ef2edddd5b02e616644277e3681725281 1580883310.3851295 88 
1580883310.400096 4b55a17d89c6ae62109209c50bc4f3e5f8e08e9bfd9297b9ecb800b32b9ec8cc 1580883310.4004312 87 
1580883310.4448688 a6dac2cdc8f678ac0e9ce4ae16995b898d88781117104fd3298d51ad0e502d6e 1580883310.4453404 88 
1580883310.4733381 061d17b08bbfbfc604648f3ff6fad272aa7a619c5aa01777cc1ce477391dc193 1580883310.4737482 88 
1580883310.607424 0cd0a49f4bb060584ec024c8bc8c459c5935d4e5e800a0a0eec0222c202f97d4 1580883310.607866 87 
1580883310.6623392 9586c094499df533b568592ddf149fc298d6e04844a53fd7b195176afb7872ab 1580883310.6627543 88 
1580883311.3876438 0fc9b93ca39e11318f6ae3a6a8dd0ee70f1da642f4f5de626a372b893dea5d69 1580883311.3880987 88 
1580883311.4120684 d1ea1073c2e8c693155eafbaecb5386683af7ad6530519dd588249e653c3674d 1580883311.412413 88 
1580883311.700387 a725a5c9a589be6f1daca7b07d0446064eda6172ea5244daf958f7433a4d832b 1580883311.7008736 87 
1580883311.8599045 c0528d716801b809806a262955b07efa55116cf7bf46cd38a76f5b3f28117976 1580883311.8602793 88 
1580883312.1755776 9f6488dea18deffc7c03342cf727416d842c75d15f77984129c0baf86317eb13 1580883312.175983 88 
1580883312.501105 a73eb0a022e9da34a44ff368d41f4e7716d1fde232e793286bfc965426443d2f 1580883312.501506 87 
1580883312.9077399 9efd29db433f17ea9067ecd8c6531a2de062a92f5f07fbc367779880f55f529e 1580883312.9081607 88 
1580883312.9679708 2a65e7a354b8052d5964c1badfd9891603c5ec7ea62c89440882b35fa06f8a2a 1580883312.968498 88 
1580883312.9892905 c15f5735ddfc6643f5f00f32bcfc9664f54b577cc53f8cd6936b671e784f6c1d 1580883312.989661 88 
1580883313.2883253 99103978c8a1428e1f4679da1b35c8b834a3739ff5c1e4cdc04daf7090c98c72 1580883313.2887576 88 
1580883313.393394 d242bd6b8584db280a18f4c1edb96e4fa398dac143bc7ba63a165f4797119d66 1580883313.3937974 87 
1580883313.4482186 c688a762995b5a07ed38c2677d50901d7396cb1fd2815a9491e1dd888f21f4f4 1580883313.4487202 88 
1580883313.4869192 7223266fef47db31f69723a60334925f33733e640cc1b55481c3562a5718fade 1580883313.4873908 88 
1580883313.7550604 4139a86abfb20a72e2c9dd04e47f5e03cc10ad1c1bdd520b19232df2bb3a178d 1580883313.7555933 88 
1580883314.50033 57304f7c36b365adaf422ca490593e55d521f08cdb8486640771366bfe701fea 1580883314.5007226 86 
1580883314.971683 44349e99ebac7f467e45277a24984dbf30f2b3e177bbda99b240c901c0959401 1580883314.9721959 87 
1580883315.038601 443e0fa146207eceb9cbd6b40f8900ff395c81550890ff307bcf57b3ef532f7f 1580883315.039042 87 
1580883315.3489668 b8d5b757ab5ea3708991102cceef1068be197afebbb7c50efa4c6b318b39732f 1580883315.3495202 88 
1580883315.455259 4f5e8a7b2dd6e39b854545404d26c5e66b44516506214c6270f3b41a1fd15881 1580883315.4556425 87 
1580883315.4835956 6fc26e15f7083ac46bb02ac590c912b5385ecefd5fe85537ad57a7aae3cf4426 1580883315.484012 88 
1580883315.6761239 beaaa3a69807c6a0cccac7d15c3effd286a56b0b71eb9d27de50cb87e2621100 1580883315.6766107 88 
1580883315.7570467 af92bdf94832b7e74c239fe5cd80ff67680daa9fab6ab17a100772b6ddcca64f 1580883315.7575858 88 
1580883315.841409 6c24f1c2df62ea4083492bedd16a1696dcedcd3fb3a4fb7817eea022082f4f67 1580883315.841944 87 
1580883315.926612 c7a392f9eea6d949cf08b39b717632fce8b5371d6c697dc7841f68176512eacb 1580883315.9271317 87 
1580883316.1290283 5023708715e2594c08af253231859d4a790df42a2a72db14f9f85820f5843979 1580883316.129554 88 
1580883316.2095265 fffd0c06cd284ecc3717a739366a001c33af02b65d60df4c180cb1ebf6baefc5 1580883316.2099996 88 
1580883316.236692 507fbae82ddc21fb87e4e1830e056dbc1b17aa9d6987afaf2d565bec52bdb3bd 1580883316.2370827 87 
1580883316.3230171 8ec633ed9b0104a6c78d96be4684efee57031ef7e861c812aa4426909a986d04 1580883316.323504 88 
1580883316.6030636 dee95d8843047ffdec1e18f3710b2dd6192db326f3cb7257b227715b60f55433 1580883316.6035712 88 
1580883316.688384 c69bc374600965d8744193f6a73c4f3958f909bfdb06c0ed027f36b474513354 1580883316.6888366 87 
1580883316.734354 6d55a5816d943fb249756f71e093a0238af76e7231dc68ab31d4e3eb1dc837d0 1580883316.7348077 87 
1580883316.827877 32072dae2277ef3aa3c1c97067d6797f7183422e40798ca2f9399b928d986f65 1580883316.8284018 87 
1580883317.1539433 5e52a9b5bcd9487d704a558101f0083e890dce854fe1cf97afde8689a7545d72 1580883317.1543822 88 
1580883317.1820338 4a8333e0815c6038abc77fd48451381f2683ba2be683efe0448c2256b3b7b277 1580883317.1831234 88 
1580883317.5581315 1cca1cac93d93aededffcbe406e7ef18efa6d86ab65600e704e5ec7ef4a7f27b 1580883317.5588698 88 
1580883317.8865116 31fee28ee497da3968983fd834aa1a0693677c3ed2793837a0dfebf2a366f6a3 1580883317.8869443 88 
1580883318.2233624 2f81d67cee3f3f0b15803b3df58676cd1ad8924433ff9d49c36f78e8cee4084d 1580883318.2237437 88 
1580883318.444179 fe4bf09c20545ac79590591faab4961eb75e9d6a91e4310ac9483dba43fd24f0 1580883318.444939 87 
1580883318.4876146 aad81ba5617e51cc7859a1930b04c39d3edfbc97d6f40416e1b0f99d3a130d54 1580883318.488109 88 
1580883318.6524203 ca14e1dca68e0cba3d980df1e0886dda601de806f8c79f60dfeb517a36f54535 1580883318.652981 88 
1580883318.730513 d9ca4429d844e7b9a8facc5030b3c03faf1398a9cf5b764ecdd9eb582725a2de 1580883318.7309904 87 
1580883319.323208 12bab4e802ecb774fe730322eeec4105d00d59ba8f10d9faf9a564c6c769c1d2 1580883319.3237908 87 
1580883319.377745 a07b46c368d11f7adbbc92c9dfc08a546b5ebc125c4ad8ef1cf7dd5210d0f351 1580883319.3782423 87 
1580883320.2801676 bfb44ae2736937857ddcd106885d5b5e67753c65464d8db36271991d63a4bf85 1580883320.2806075 88 
1580883320.343294 a7606b61c218130dd5f19676402c2e00dee2442b9848a4cd03fe4fcd66e32867 1580883320.3438358 87 
1580883320.5128343 616161aca9994934f3f8fe6e5a76edc6d9980c451465ef354224a51e97323a8c 1580883320.5133333 88 
1580883320.5132809 f5a4f29a016e03a62f1920bd9c73ae812bee938b667d4fe5f4efa9dfe4d3dfd6 1580883320.5135422 88 
1580883320.5167673 ff7493984d62d3e2ed4dbbdec4f3d4309fdff64eca9ba7e03720c75583434c1a 1580883320.5170043 88 
1580883320.5568688 3e32796409d9ced19dba1a97605de1350f60ff12e33b481f8b5d84b01c853525 1580883320.5572336 88 
1580883320.5597146 e9a586eea7e4f2bc6c1b1ee7cdff030b6a245d2160604f30099fd00eccb68888 1580883320.559947 88 
1580883320.58756 418938cc0a256d80263d233fa6809e82e78319934714431049d03e8df1b2f116 1580883320.5879269 86 
1580883320.7268767 93f1064a256fb3403024b6788efcbc6b035d1790c06dd915d30b487c666a57ce 1580883320.7274017 88 
1580883321.2033484 b378a79b89cc7f4cc4704728d6674a6cd564bde216ad426d174dde276533935e 1580883321.203886 88 
1580883321.343858 9b0fe9c634155707b9df04523680d81794b8f5be8cf57253932c0a2fe06dfd1c 1580883321.3442357 87 
1580883321.3585262 b824746966bd424a1b3b27f6b416519e160ac778f5c733a32852fd16878dcadd 1580883321.358793 88 
1580883321.5627353 06246fe0e43911a44e030a4e6333645c74ad6ded3a0ce37e50f2fd834e191390 1580883321.5631309 88 
1580883321.833588 5689c13cf53580381f8eab2b1a5aa528093510d84c7a9e3f8cfbd95cb2ee6098 1580883321.8340485 87 
1580883321.8780506 53e50ef3b1ca2ab5cd157ba64c58ca242f7c738581f99dd972b8b47e89840988 1580883321.8785648 88 
1580883322.1210084 33ca14d95806c92b40d3764c5b5e7e7f01bd20280e0f2f6777db9eac67e41880 1580883322.121394 88 
1580883322.298612 6dd004427356d6ae906c6cbbca86507f59a6c290fb004b7f3023d8897aafa4ee 1580883322.299027 87 
1580883322.587595 3248750419ce07aa71766072268cf4655c23a5b8081815f99965b3b2dbdbdc71 1580883322.5879972 87 
1580883322.6845775 0ab4c1de697c86cbb2b8fe73a388a13929d2a3408b001d5db800d633ae1ab2a2 1580883322.6849782 88 
1580883322.8504572 b239d3eb739c7bf718c05f0d6092095b8e861fdb3c3a154f9fc61b67204e6908 1580883322.850851 88 
1580883322.9408095 e07bc7670e4bc0f435fe44d7a01dddca5462b9c612ab19f3509f0e7de2834134 1580883322.9411972 88 
1580883323.0458062 d105cd1486510996408ee46efc2c48fa0da96e11ea59c7615666b03ea4aa9ccb 1580883323.0462244 88 
1580883323.1478288 c93d15e34ea7750a2e0d6b80f082665931c9f58c7af7100522db07584eb3d61e 1580883323.1483343 88 
1580883323.386812 4d9c7a7652535455c7679f8f00c5502c7db97820a40fdc50a34c7ac9edc7bbe0 1580883323.3873405 87 
1580883323.4692705 36bc9f5afd4dedd6198ecd572f4f8b72911864067aa16a316399995342946cf7 1580883323.4696958 88 
1580883323.6757717 641478aec1dcb6b03ffc24080a2b89446ed2b6effd21a381ce90dbc3cbfcc196 1580883323.676224 88 
1580883324.1051722 8c575bdb5993ec86ace09fea9816a549da9b50aaeff4f6d3658a9309e66bc998 1580883324.1056194 88 
1580883324.2137678 58f9ed45599072d577d0104a532390be051a36b7ee73fb570ad1853c45fd2588 1580883324.2142792 88 
1580883324.335408 a156809cc9ef1132bbd345cf2d8473def231bf980200590deaf57856f7a7327c 1580883324.335941 87 
1580883324.7619877 e40a4d7b4c3fcb207b3938f4056fb417b6f9213243ca9b34034234b407ead0e4 1580883324.762436 88 
1580883324.8224988 e91e4c92b7a2763a1edd55b6ac80d5e449b7d6e9dd4b3d6ccf36810bdd94e0a8 1580883324.8228703 88 
1580883325.0343828 61e9d04652adc27deac32a8d4f84da177119f7e9777bdae1d6a044b450ddc033 1580883325.0347724 88 
1580883325.06319 5bebd2b14df7735cac319a2917af80ba529ede5d13414384906953cfe6c9c75e 1580883325.0634882 86 
1580883325.0713265 c4e037fd443471131f46c7b48c2c28bd9b21ea0d21a980ce21a26ce13ad5a76c 1580883325.0715742 88 
1580883325.0906823 ed7c431c4ca76c94d1d4c5ed977f7cbff9ddc5619074e719d761e301a7bca493 1580883325.0909765 88 
1580883325.2649846 80008508d8e54bfdf8a4d5d8b9ece1e9faec914732e32fa7a18b49206ca20a0e 1580883325.2654264 88 
1580883325.4210846 c42946a10618118b269decd633c19fbbf8a5d3d313ad4d154aea10168f962263 1580883325.4215968 88 
1580883325.7161126 ee7498e89d33bd8d38a5cc343e9a8d521426383297ea8c454379eea4086a9ea2 1580883325.7165434 88 
1580883325.7463021 3686b7f1eff0ce6658b8f4c42b5e53c1c63e65835f823df7e039de9a51cb94af 1580883325.7466147 88 
1580883325.758534 f9c95c9ce0833f111bc4d078ac7372ee563ed754129fb9a095d3f9c190083e9f 1580883325.7587767 87 
1580883325.8353646 ff8ad53dcf9bfedf89ce8bb5419a83f34947fe819175a44def8aa49d00acaa36 1580883325.835773 88 
1580883325.872262 ab68e9dbdec146b01907951ab7527371ec6bb788f810afcd86af8e07d2a86328 1580883325.8727465 87 
1580883326.1312404 671f30dafa37493ef6204027fb7ca3e5761b1e763e683e57df3f1d49cfd70b7b 1580883326.1317112 88 
1580883326.1494844 86060014ec8e149ab73c331e0224a0ad40a0be731f5a8d0006f9ce4885bedae6 1580883326.149844 88 
1580883326.2718935 5706fc90c1c394b42e7321fab97c5aa7256012b6d2800029722e385e3a4a3d39 1580883326.2723622 88 
1580883326.3536026 f4ced776e89b66f07746d93b1c7959c85378b1595cb460e93503d5568e844de6 1580883326.3540998 88 
1580883326.613712 5b0d7c11f13b0daa614e2a78c5235ea1e1630f2994faaaa42d8e00cf0690f883 1580883326.6141677 87 
1580883326.8429022 32537633e87ebf8c5a0c1e3732cf200338a1948fbf42dd3f137b53951cdd86e5 1580883326.843429 88 
1580883326.8471649 30857b3c4366b19ead7daed79724321488cf6b93f51914c42feb7f6af40eb4e7 1580883326.847406 88 
1580883327.1313713 af55aad37981049cb1df34b0cca13c037f7057ad1933778a3ae8180ff186408a 1580883327.1317956 88 
1580883327.1364653 b892c3a8b54f21ea68ee9b7d10f32262ad717172cfd2a6a25ea49bdcec2b177e 1580883327.1367075 88 
1580883327.4753215 ff943f107c4a5c55d699ab0680e0321ac0e3c047aaa7c10813b82c8d806003d3 1580883327.4757845 88 
1580883327.7759244 4f711f0bca957b8cd9829a568cb07b3a38ae54102b1498f5df62cf4096f556ca 1580883327.7763627 88 
1580883328.2028224 8a68db6ecd331b35184634a69b7e7ffb341ea0e1dbd3d9c782254f9a02b056ec 1580883328.2033467 88 
1580883328.5349581 58d717b088bd837a444d20b37e5d72bdbde70c4bfe4f9047db8b3a936eb5db5b 1580883328.5354125 88 
1580883328.673522 25812c9fe480180fe699678bff7735f1101718140e79efe47ee77261e43b5b02 1580883328.673952 87 
1580883328.691709 34810619b441e2aaa7dd0d7c33cd5d06c21d762b9163361e57a043531ef2c526 1580883328.6921945 87 
1580883329.6071546 e0ebdc9c2a5c805fda079060532700a44c2bdb971ab3fce2574c79c8594c9bb2 1580883329.6080875 88 
1580883329.8631508 b92aaaa5c0a7c4ad7221745a96eaa9bfdcffa967b3219305454910e8e58dcb66 1580883329.8636038 88 
1580883330.234452 31239e272bafed338d9f33a634e91a7814b8a1ae03c3aa0e2ac292322395c055 1580883330.2348988 87 
1580883330.3583508 6b017e90474d8d36597263d0221a53534e7e3372b26adf6cc7dee2b1147fc933 1580883330.3587954 88 
1580883330.4024816 d38cb745086046a868e33919e8c501011c1084ed5147dbbbc95795fa415ece13 1580883330.4028625 88 
1580883331.07144 dc80ae7aaf2d6f5b7d200ec85351fe631fcbaf4d94c5ba6c02479959e2562fa2 1580883331.071885 86 
1580883331.6869953 b9f100302de186bfa014bb5809798681332a43523738e64cffe9a98bc33a7482 1580883331.6873908 88 
1580883332.2648196 1cf05db0005b98163ddfb3dd4638309c8b841ca0def289b9da86c7c88d5f4088 1580883332.265279 88 
1580883332.3424394 7e4dde78490535dd5299867740b27553ed531e6d0963d945a53c82a66eca9444 1580883332.3428178 88 
1580883332.3737516 a088904f8a4d1a3ba6f824f16775b1f13cbcb2579f1545228adf0c62e3b291e8 1580883332.3741302 88 
1580883332.4430115 8936a6256b422d7f6ee5ac3108d9dc9be261b7870cf0fd9a3e0525ef932aa351 1580883332.443475 88 
1580883332.6540058 03364426f6100eca7d6682dd4344ffc27c10e8560bda730bc0c782268d0010b1 1580883332.6544323 88 
1580883332.6783748 5ed249d6406a4b74c8b426f4fa0db959fff981c739ed28517ade7478a1cb44e2 1580883332.6786447 88 
1580883333.156272 42e505cc34d5e04e2daa3227fb8111783a877f92c21f50ff083e08f1429dacec 1580883333.1568165 87 
1580883333.1620717 ee73f9b93d591f5af8bc0ca95e08057a6a69801a88cd3dd5d86e667f7aab3171 1580883333.1622982 88 
1580883333.4828076 a23424f5ee4039a1144cd0aaec4442e50bea203b1a9365c0cb8724f903957a1a 1580883333.483183 88 
1580883333.921345 9ca2e7b0bc34b4b42f069e4835703fb9d760d809d328ce3407ba7901e9e37a97 1580883333.9218814 87 
1580883334.3915677 e4c869cc2fac0ffee5850725b8cbf4ba77ba1d8c6cbbae8e2571b97470c11b41 1580883334.3920846 88 
1580883334.6461437 2ffa4de01eeff70aa380c7959c3033e204342b956f0d5183534c252bec564ff6 1580883334.6465726 88 
1580883334.7611666 84047f90722a2f9e8582860604c200b2951bbb5df9003c0d79300e50e1079afc 1580883334.7616515 88 
1580883334.9005814 de30b1660e5d960012775914d7e9c773f5cecf53c25fb0639c8e6d30b85f879d 1580883334.901053 88 
1580883334.9520347 b337ad70c7a495e522d9500880d8bc8f7abda096350e165c2eaa5f57c72feb52 1580883334.9525213 88 
1580883335.3781545 31fca4c962577eb4fb91ff3319d46ffda52103dd6dae4823998c48441e35d0bc 1580883335.3786378 88 
1580883335.5286815 f15a464236853a930fc5b6555e57db6a1825db3e0c72d7a471757d646ad875b7 1580883335.5290508 88 
1580883335.5943453 d17eb1308e596a9ff397ee14fda741c806fae2a0be8fd9af5b3d3567772b6ab9 1580883335.5947661 88 
1580883335.64518 cd8e1a54d81cd94dab695e8f0fe57cd500a1f2ba718919c9179b5830fdaacdf5 1580883335.6456578 86 
1580883335.8725836 ac30b576c963a75b66dd55a03239f6c411e80061f94083254a2c037fbe895360 1580883335.8729696 88 
1580883336.0240142 3f90492d468c4d0f0a33909a9e58a215625b20f35f0deaaeef722061f5c90d94 1580883336.0245273 88 
1580883336.6282525 efc5b171c167b9ad064a90cf51f36c22438a5e0bcf8f12c5537d26553ada0ba4 1580883336.6287143 88 
1580883336.7911205 556a513f751db80c6e830da2b059074093ba5227cea04a14cc550272b88e7fbe 1580883336.7916188 88 
1580883336.9836948 d27171926269a76521e2c474c2264b0458fe194c4edd561512ac75043f57df76 1580883336.9841452 88 
1580883337.0698526 de78814c10e09c7ef198cfe4e5ad0b13d5c1621dcc225c31529868d8846ae5c6 1580883337.0702848 88 
1580883337.1924236 0ead9f1bb3bb092f7b44331a305e1bc17f21082073093f9ebd7d66ad57ef8538 1580883337.193829 88 
1580883337.948993 3e9c8915469fda30cb195504f3e28e46c6b3767fe8f78a4ae960e5735f5b57c6 1580883337.949405 87 
1580883337.9610734 fed163b3fd32a9e4cd0ec6ca1758fa885ed47cfb2328bb0f4c296d1cf128c46f 1580883337.96131 88 
1580883338.087602 dccf2859d7ab08346cc5700fb40b6905ff792464257a5e682dcf088579454ec4 1580883338.0880396 87 
1580883338.2897377 8d200653e0f61848aa39af665b0288575f17924f5d262a9389b993f5d11bd780 1580883338.290678 88 
1580883338.3397837 d33b82d04af8f9914203d012920329f12154c606e2ade51e4532f779401b963e 1580883338.3401513 88 
1580883338.4299881 3607db9f9b2aab532f9f70057c3ddcd1b90f6e30fecbd694bb6509ca61657320 1580883338.4303834 88 
1580883338.6086686 a7f96a7d062dae110107f9c7e4f039bc7244e6d855f35524cb461cae5ecd19da 1580883338.609084 88 
1580883338.7875807 02486cdd6788ecca5605b93b33281d499325eb9b77050e83ff75ff23ddcede35 1580883338.7880468 88 
1580883338.9533 06b284c90c5d83edc3177996bc70b56758354307d5ccbf59b0b527c877c0dbed 1580883338.9538207 85 
1580883339.1679013 29d5391405a9a4d2cf31d6e835986e88eb537be2a57d7ac001e3269d900425ba 1580883339.168449 88 
1580883339.2781334 6e99090e5663a6439987d69486d4dd5399be36ceda20ceb7fb0e75074ce7e42f 1580883339.2786124 88 
1580883339.3454902 c1afb8f1fbbec9c24f86e5169123cafd36ac01bf340aec8523f44cf10182e3dc 1580883339.345985 88 
1580883339.881061 39d267a374897fc3d91a4bbf2b9102014cc8aa98b37e20e7327b5c7e01480160 1580883339.881558 87 
1580883339.884586 95562ac79a60175ecdc10609f7d6ef762c051f70caf71d77e8ee44807ff49743 1580883339.884829 87 
1580883340.0128026 a562264c1a62930ee7c5474e1a327abaf9c9a14860bfb7cc311dcc9224e39dd7 1580883340.0132015 88 
1580883340.1119597 2b44e75a00c5c39a716bf7c54547657a837a253166d8dfa7e7830579696f4669 1580883340.1123848 88 
1580883340.3955703 791634746cc7a99706efd130d27f0049fd8996c19ed1015a4b8dc6f75e492add 1580883340.395962 88 
1580883340.5736127 64f754e36d4e0f1c5ce82c57824df6771869ae4e59a9f93f3a67c811f968e0b8 1580883340.5739918 88 
1580883340.639171 6bbaf33504f64d9d998baff8ff9d47b1f1c345277635f391fcc34b344c7d81f5 1580883340.6396496 87 
1580883340.6732042 537b01b999a4c47a1f9e218a79966ec89cc7d73e507c9bdc3901e2380ecff7f1 1580883340.6735792 88 
1580883340.869689 86132fe1f0c53360bc8093a2b91f4e12f343f329fe325e4cd476ce14fd8730a7 1580883340.8701384 87 
1580883341.0457692 cb9cf6b175fc5cf09d8a94773ed0b86537252eb7eff665eae8097c2145ef8800 1580883341.0461433 88 
1580883341.084863 8d7111e8b9a7fdb1a05869ad41f909a863f08d29c4a1c3909aa7ea218aaa6bd5 1580883341.0852232 87 
1580883341.123704 0b33340e5d71ab938e9463c7b776889b299f6c0cfa4c0dc655c6fbc405eb2d91 1580883341.1240542 87 
1580883341.2721891 f5e4f9620ad18c4907b1ef1538626540d3affafeb4981ce18be5c42c7b3e436b 1580883341.2725797 88 
1580883341.347137 6ac3e3733c5e4c085b0e1c16a75c045fea4b4acd1218072eb70c1833ff37435d 1580883341.3475173 87 
1580883341.4031794 cb3f28022dfe0f1a97179b37b57b50fe17879b4c1e2b1f74d7a056f9524996d2 1580883341.4036822 88 
1580883342.0456421 f99bce0ef78e3131573fcc9b5754a335d989a694c7857180fa439da2068fc926 1580883342.046047 88 
1580883342.2384765 d7e9fd99c81a2ace608c5dccb39844bb9739c64c12f30ee41e48477bfdc3416a 1580883342.2392054 88 
1580883342.6414495 8d695955b004258fc4bd98e064fa7e0fa0d9283b8b29f59bc2ce65deb65f8e07 1580883342.6419454 88 
1580883342.694724 961a4f5ec21c9fb1e2fb499720497e8c0d2bab3b401b5104a1269095065e94f5 1580883342.6951814 87 
1580883342.7616982 fbbf8ce921a1724d2fd72b949b757460efcddf6bbf9264fe1e508c10f0349796 1580883342.7621841 88 
1580883343.4796937 f8081f39d33141be7e8477552b145b0a2271bf9730e96859b970dae4a7dd8cbf 1580883343.4800951 88 
1580883343.5021486 c5a0bd85411a8d031c1dd8035332845a7fbf8477dfc6fa666e030d0565ae3de1 1580883343.5025425 88 
1580883343.5264642 1a7f05e815533cd0163e6709c84dfe06345f68e9af0fc3999c0ba4c42e9dc7cf 1580883343.5268435 88 
