1580883243.4572349 87fc0f9b461ad6a665c34603a764302166768dd0af9a09c75ff13157571728bc 1580883243.457608 88 
1580883243.6427057 44d66403010dcef3bbc41383678edb34bde5f970da6414c6eba134a7fa7b15b1 1580883243.6431835 88 
1580883243.7344434 6ec8ba791037746716bcbd99f595b7dfb99d76a7e66699baede0f884b44fa590 1580883243.7349374 88 
1580883243.9525802 42ecfb44900a644f41498fd2e232fcec78a4c2196de67224b20721406e7b88c7 1580883243.9530935 88 
1580883244.6271224 fcd6c848c899d97785ee0dc480dd177a72af1fffefc191c38ca2aa3fcb1c43ed 1580883244.627537 88 
1580883244.6451955 b19f88d34cf04482d442a68a27badd592ddfac720f137b00b2797f356107b2dd 1580883244.6454253 88 
1580883244.6802917 30123aea12c5949e7d5904fe5918cb71da1bf4a57a6270ad075bcb6b559d168f 1580883244.6806817 88 
1580883244.68863 57d396769bb09ae13746c86bdf0b38efcf785f48a1ede8e06898ff172cdf2a1d 1580883244.6888354 86 
1580883244.7369912 58dd7bdc069b52a788eb80a70a9f07b831436154ebc13ba1f7c442503e575b98 1580883244.7374737 88 
1580883244.773 73a35f75663d320cabf016ae3cf6c29d3f0b9e4cb5389e0ce08495a786d58ea2 1580883244.7734854 84 
1580883245.2400117 af448c0fed5fe2b78977e54d35eea4ff8633213ebea3730c75adccea2c05e042 1580883245.2403536 88 
1580883245.326664 721115e7f8731c192bc55025b308e02b5071f4cdfbe62c92752bb87c188aa1ae 1580883245.3271768 87 
1580883245.5448458 b88358a4d38e96683e7d89346b0df4c40b79194e0de980faffb0de0e1c5776ce 1580883245.5452888 88 
1580883245.7332113 5c94a44c3c9e101bba002792ffab12e2f98de722372a950a75732c5ff18fd51e 1580883245.733603 88 
1580883245.7651765 df3202790b7f92abfde404327fb1c01dcc774b1d383e0660c668655dc8c9035a 1580883245.7655838 88 
1580883246.077727 1cf15a4fa188b94e4db2db24ed292652fd8467e5740e1b4439cff10a16f459c4 1580883246.0781698 87 
1580883246.5639744 e78ddef5023440d7d31f6c570b25efd7bb543bc209734aa050c895c1bc0ed6ef 1580883246.564358 88 
1580883246.6802585 a1fdd080cb23203901e7905dfcaadf508a3fd213a7b0474db66f20c826afa0dd 1580883246.6806104 88 
1580883246.6939945 c59e99c90bfdc36f32631df5d58bfdc628dd56f11fbafd8fe19746841c19f93a 1580883246.6942234 88 
1580883246.890097 c97367d2fcb67932b3574bd8277dc44decee90a76a92c4db8e345afc4d449ba2 1580883246.890572 87 
1580883246.9822292 3f53a3b0d66722349063a4d4df2c4a313698770c7f9cbbaf90b75f601bc6f79e 1580883246.9825904 88 
1580883247.291957 f8621cbf7f2a2213eff52b5588d08daa31847cc664db8847690671cd2c6d835e 1580883247.2924752 87 
1580883247.304876 3c633391d122388191259d29d30e4a926a9991ca9a03cf1fd37418ea901af6d6 1580883247.3051548 87 
1580883247.6894777 e976f2171204b6861f4dfe42ff04c16f73a4461077d7969850ee9696ba3605be 1580883247.6898475 88 
1580883247.9321225 677b322241ae45a4774ffe84d7175043b0798bba8944b61585917cca8d6f60f9 1580883247.932509 88 
1580883248.1467946 dee4948ffc1f222f74f06734238bd87ac6327f830e0ac6105046e3a601834a12 1580883248.1472514 88 
1580883248.3204513 70490f152b00cfa300e74b5237dd44efc67cff99b9992e2bc1146cee2d697a40 1580883248.3208203 88 
1580883248.3452919 484f31b5a4b68e593cce2ffd3c2d6b53e2d0ecc15bded1e584ad4163f6180663 1580883248.3456676 88 
1580883248.7429647 8c3cd8c8c1b3210736002d2d9cde1ce69368af49e71b88b8fa326d3e4771dfc1 1580883248.743479 88 
1580883249.018631 1ef456f3b243c9c81d0fc7e30dab940f01e8e8c4393c32ab3171528e9a6263a9 1580883249.0190508 87 
1580883249.2951584 07eb1351de07563be27b48470676a835216e42d1e503de36684c2326edbe1f0c 1580883249.2956612 88 
1580883249.351785 958c6f19a18b65e76e72c1790bd59848f68167c6b94133815c2ae71d47b822e6 1580883249.352159 87 
1580883249.588741 efd3a7430e718b541e95a53f76927c5a9f88130904f68df2c32c53b5cf3fb1c5 1580883249.589133 87 
1580883250.3727453 86390050d0fa7fa13a2d55a72bdcffa817b940473adc51355ac6a1bcae364f6a 1580883250.373239 88 
1580883250.4166954 371db216dd5b55017327a40e74363aff1bf7d80798d06e1f72508e8076cadc92 1580883250.417079 88 
1580883250.5030134 3404664302dd23b58605bef4abb76fefe81eb7955dde44198d949461ffa2b78b 1580883250.5034354 88 
1580883250.8488715 4e56e9811d4e16a59f56af4c527810a30aa0c4dd15fecdeffe20ae4b96c782a1 1580883250.8494058 88 
1580883250.9650862 a7cb7caa3e3a3789a9ab407abad0b5ec1cf21d50d2ec78b8526c6407726364fe 1580883250.9654534 88 
1580883251.0607154 69569697ab0229ae8f70ad753761f0789b0e35cde2652aea4fb1a194aa226bff 1580883251.0610988 88 
1580883251.1484003 222ae9926c45ccf8c3ed1df8081b7ab89f8870a7d3bb675235c44b978e07aaeb 1580883251.148759 88 
1580883251.1618805 0b4135bd6318c5b46f03a3753d5cd0fbdc0a47d2f3206d99e433bd561719f48f 1580883251.1621199 88 
1580883251.2630405 f17e8825cf056a4b691d382cae4e72d2ad76a61a1a606942ee61c6330f12ab87 1580883251.263404 88 
1580883251.6399739 1436140cc6bb49d656884d9b7a6a4b1adeeb808cb8d73f5bb7432fa5fdc171d4 1580883251.6403985 88 
1580883252.3605924 1533ccb6baad6e43f96980ba49189d6f04368a9381cf0342bf2ea4bb6ddee242 1580883252.3610806 88 
1580883252.4081764 7dfa8325a15eb682fe3a93128698ee2cf18ce75d5ddd47388f58d2330b275069 1580883252.4086661 88 
1580883252.4568546 47b8316225b42f1753b19125cd8326cbc93711e575dec2241a78da9c6fdce676 1580883252.4573302 88 
1580883252.701025 82ece588557dd609b6a95e19507aa6d82b053830a6c80892f5d3b161f3bfb53a 1580883252.7014344 87 
1580883253.1280856 6cb3a7f627a872dbdfdbc254def908bbccf7fde80bd96f6101abe119b7f03910 1580883253.1286008 88 
1580883253.350135 0af09b9ad21ba56e560e998319328061ed29ac8da1890b74b0ce89b096863454 1580883253.3511882 87 
1580883253.566227 30a2eee4b25df48c87c341d2f0200836fce5328b5aaf9f75564f86a31fb013b4 1580883253.5665932 87 
1580883254.2487144 72cac62c5ade08276d78551495de7dc133f4e12366745b328428dc656c855266 1580883254.2491484 88 
1580883254.4043968 ae1e7aedd993205469dfc973bf0d2b14b101066f544f3da25d669d142ec3acdd 1580883254.4048636 88 
1580883254.493476 96c6bec5c9ec87e41f7fa1b11caa795c0602cd00c3f13f2ff7fbc40a69354d2b 1580883254.493855 87 
1580883254.6160176 a40f40b1414b22f1bf6bf02e0e6cb4c687d9731504ba45e591fe75258f544ccd 1580883254.6165407 88 
1580883254.7980795 8fa990d39da81bcdeff006560c7eea0c310ff36322cb37ce1608013a4d64829a 1580883254.7984662 88 
1580883254.8037717 ceb1730ee9ffd7e9eaab9a570b6ffa2ddb7ed9d818c0dca8e758c53a20595998 1580883254.8039703 88 
1580883255.055518 9e2ab32a9cb5554ce13bc65b045b9be425b0aed53eb5c35929d8b5bae2c07516 1580883255.055906 87 
1580883255.124515 edd52dab202ebc270fc7626f75320c4f199ef926a2927197e7e661748eeed643 1580883255.1248765 87 
1580883255.4080667 53bc7f70d881ba02291308beb77995bca5dac741192a96e3fc674216814fbe6a 1580883255.4085705 88 
1580883255.7868524 dd3306729784e7ea39a648e8d17a0831870d70b3d37961d72b05484b418ce27a 1580883255.7872767 88 
1580883256.1562114 ac60e444be9bedfc4d53c29498d09abe943de169c26250e2e5c7600c587314ca 1580883256.1566253 88 
1580883256.1735027 5ef571f534272524d71441efe773486838d4f7a28080f6f91c8493fd60a7958c 1580883256.1738021 88 
1580883256.233818 584c32f6fc45dc9d91e1ffa5b911ecf1c12f735a32ea4ad483ab8c1d3073c093 1580883256.2342117 87 
1580883256.7501302 bca99823e16dfd45fc3c2363b5fe1671c290ffd450f8a5a9b7a218eeadcba5ff 1580883256.7505488 88 
1580883256.7985818 32f0e57aea4ef4e222dac11cd1d194b881566aa7e5ed4fe71369cd1fc88099f1 1580883256.798969 88 
1580883256.94768 90ae1060f8c16388e15b313e1fd1a362a64d7795af1c709c50249e46d3b28823 1580883256.9481614 86 
1580883256.9871776 62d0d695a29500c09cc12e72d4927b4bd3813bb071345fb87b96cf186eda00ba 1580883256.9875982 88 
1580883257.1151345 132cc19d7e8ba98433872ff80efe86f8492921c1e88486272fc08112e921fc9c 1580883257.1155353 88 
1580883257.2379346 2657420c08cb9f5050e89dd0fca4894398ce59090d3923a2bdfdfd15c00b2fe6 1580883257.2383971 88 
1580883257.5949786 f8d2082b48487502c084840927f1daf52abcae3d266a677370a6e87036a668b6 1580883257.5954587 88 
1580883257.6692276 e8b475f00632e311abcc83e7787973377105cb38b79cba01bdf55d046424e15c 1580883257.6695685 88 
1580883258.2123005 121feab776948ee5b92ecb6441e2492f406c0aa5309f5798376c700dcd29ce74 1580883258.2127428 88 
1580883258.8787766 543803d30ec5488f533d69e127c29d72311594ee2fb0a9af0631cdc006208458 1580883258.8792887 88 
1580883259.2504592 f11b0946d1cef049324cbbdf392645ecbb56410d4c02367b26a2a2dd4c799bfe 1580883259.2509549 88 
1580883259.5618997 dd21e5e187bdc039ed697e90a2b89c2d1eaaeba33512a9482243e6a84bfd1e18 1580883259.562324 88 
1580883259.625856 909efc8042a99a0520c512603b966e9677a4e892ac5d671fc990321ffd2f41f2 1580883259.6267474 87 
1580883259.979754 3fcd363d10670e88f04752326ad8796b4b5fea4a2b5efafeca60ac4f099f7b58 1580883259.980272 87 
1580883260.0615988 4e00a9800774144fa7ad7c4f3841fd163b5fb6c3c6d65d8c0342f4fd54aa0fe3 1580883260.061996 88 
1580883260.365852 330962c36c290ca7dca90a7299541411ce7de6d56a8a5b806c5b8f620e86b81b 1580883260.366347 87 
1580883260.417698 8e33f0fc98a51ecfffb6a2b85023639658efd9c13f3863a25ea6b4f281e10afb 1580883260.4181442 87 
1580883261.0810218 944a2225aa159667fd59c76aba2bb2936ff8ca1e92101174c37cde300aff8ce3 1580883261.081499 88 
1580883261.1603703 1fd4d2a05d1251922624b94cb8f3c1b7c98f190a03e3db119b787e4e08c3c035 1580883261.1607842 88 
1580883261.3260953 7f929fd5d9242e4dd82a51d6a8658a63c3e56845c274f88f7d259a79d51388f4 1580883261.3264794 88 
1580883261.6760547 b7e08700b94335837df179da5ee0b8ef02ee4b54c1eca0962a688cebb1c0498e 1580883261.6765473 88 
1580883261.820753 d8445d0d3b96f0ae6796c27915d6c4b72ee3059f448dcb1af236e4c324fbc418 1580883261.8211546 87 
1580883262.2655227 18fd147bd4574e2a9db0176f6d7a60f1f64cf19d6b52d76f5c1c606537f83d2b 1580883262.2660384 88 
1580883262.3603983 e52b4dc3c0877214f4b83bb29dcec5088b7ad80d8d5a444adadcdd5000024f00 1580883262.360863 88 
1580883262.5023954 0029751b5dc1222d009cdbc03af8a4f528038e489aa9eb0517adca451d43e023 1580883262.5029032 88 
1580883262.9539888 dbd2e3e1d959d0f5479aae523f6bf5071f4b2b293ddf5ed0608e587189e3076a 1580883262.9544055 88 
1580883262.9798448 e23c73bfa91857c044053dd3888733cb50301bea54355ca21dc79d35b4ada3ac 1580883262.9802868 88 
1580883263.2255614 a2a735ef013079a2d41749d732865f956178f0059c291ab8bc47629af8d31bc7 1580883263.225951 88 
1580883263.542909 0399d76ff034066d6baf1550bf51df9020a35a19ad52780edb916cad3529a62d 1580883263.5433278 87 
1580883263.784745 487d7b5d72dd6f7fc0c13bb34dc0b0cb8d98536f8d4a6f16e97a81b99944ce03 1580883263.7852933 87 
1580883264.0240343 a582346081066447d9b6dc8013485900cbc321adebdc9a3a1f407a0b5f4d8b5b 1580883264.0244462 88 
1580883264.1606638 df7ce5af7e9e6164ceda40383ac26a56c2e7c919aa825accc957625281e2024b 1580883264.16105 88 
1580883264.2431169 e6d3bb4001c9bafe5faf641d0cac2d109bfa3b37a5b5bbb8d16ecab7de57fa68 1580883264.2434766 88 
1580883264.494688 da28a59e630f8a2a1b5975f94b05786dafded0ccc334bd88cb170f9717d83620 1580883264.4957423 87 
1580883264.5334265 231f5721a71d9edc8f6aaac1bf6269c4f44e106c152eae493b78154beeeec5f1 1580883264.5337815 88 
1580883264.5441344 199c9b9d35a316d1a3c7dbc9d46de2ac05092f985d98afda7dd7cf79da00dd66 1580883264.5443587 88 
1580883264.732574 172400745b36bf58f9506d6598fb99c836e43e37c7dfcb69385f245301cd0ff0 1580883264.7329595 87 
1580883264.9581165 39652c0d4c8ea511cffaa8b034ef7cf3f7f881aa090d40f5f8c49f74ae77276e 1580883264.9585807 88 
1580883265.126981 6f061dc699fa1c1ef50e797bca5b2dfe3cb84a5543d27af4a7bc4b19678d212f 1580883265.1274688 87 
1580883265.1707401 ceb8bbfaa7df0820d06d05688f688404cd34abf312ded55b758c092f6bdba154 1580883265.1711075 88 
1580883265.8666928 4070c0910f0e6ba19cde91c22e703c9c5574d1b081bdc5a59df1b1cc0d25a057 1580883265.8671818 88 
1580883265.9922419 51e9ba0871259decfff5055f1313d361c2796fb3ed12df50d284e133c7d86a06 1580883265.9926333 88 
1580883266.2274752 5dae7655585a04bf8ab17f982aa0d8379462a50a293000a366643c68f0ed2075 1580883266.227858 88 
1580883266.2957087 b0429ad49e4007649df4c222a5a1f29b50ae3360db8f7cee453a51b9d671be60 1580883266.296103 88 
1580883266.4230776 5279183b6ab96da774d9f69d503a544631c444c314a99b83b1fceb2ed509a13c 1580883266.4235575 88 
1580883266.4787495 fe20fdd2d2f7e3d0198dd2f795724a0ac0d29b599094442ce93dabfad5855f34 1580883266.4792607 88 
1580883266.6414342 07f027db699972826ad924bdc792c412da68dc0a3a858b2393d42b0c29d716ae 1580883266.6418936 88 
1580883266.8545692 de299e2ae74a6592cf500a041b33777ed29b4e00e4579d7bf7209d9f68812f2b 1580883266.8550475 88 
1580883267.309081 70dc7f671b934ecce9ed19f69565cd4904730b25d288131bdf5f1bbdd07b2161 1580883267.3096054 87 
1580883267.3153596 c944a8ff332facf60141ed2c6ca0d165d7a350ac5fcf34b1509cb47f612b8fde 1580883267.3155766 88 
1580883267.3894346 82d6dd42a1df8e7a4a7eac73a557001ae98e6e5f43af2243f2bee9497f918a9d 1580883267.3898358 88 
1580883268.3436058 49bab7542a804cd22f7749d40e92d359ecd6cbdfe1762e54895250e9179afaa8 1580883268.3439932 88 
1580883268.7536442 c7117df317617861f29fc786be6fd64a2657a0d411b83e7f441382a44908a8fc 1580883268.7540207 88 
1580883268.7942245 c969f42e20ab88059fc2437bba232b06e4217317cf7a7a99f661e4794bee4dac 1580883268.7945802 88 
1580883269.1000795 14f07f2046814ccc3337135eca7769eeed19cf9d1056dc7e5d2f82c1268c3785 1580883269.1005292 88 
1580883269.1357815 5a4d4071dadd3821830f3f7f03bd24a7bd18b07d49d9f6497d082a28c77fc08d 1580883269.136217 88 
1580883269.2328742 7dade6b4e6e9dc9b856fb8c43de47057bc7437a2d92b049db6c2da1ac1c28876 1580883269.2332757 88 
1580883269.4096873 da1d6db4299be025c5185b1ae2d829a58f3ae00657db33f081ccc07c5afe8e1e 1580883269.41016 88 
1580883269.6042368 e5daefdbcf2a35a56f08c774fb096734fbe327612f0d80bff6c57e903de5e7ab 1580883269.6046486 88 
1580883269.615308 b9bde6f07786b2ec517e32b6c994af1bab45fc0870da80fd9f99d9c6fa088938 1580883269.6155314 87 
1580883269.635854 8c59f27b59252544774997b6992e2087c5818af7e977bed43b22e4ffaf9f525b 1580883269.6361504 87 
1580883269.6797426 c14e47922ac33936aec9e35fec6648159edac3d6a3303f9432b921330a21b6be 1580883269.6801093 88 
1580883270.1629696 6ba0bf1fba815afd3d91994b00b911e5cd579b80b6c96cefcd155c034b4c7679 1580883270.163444 88 
1580883270.2089026 cbcf73220a83ff3817fcca8fb21e58dd90a6a5e5e98824272ebbe129c1f19531 1580883270.209254 88 
1580883270.7312038 830f62a05008a2eb179718328a8fabafcdd3869ac3ca1cd152e9237a3026b78e 1580883270.7315922 88 
1580883270.7458122 aa77fbc5795cff8842ad21dad0b5114c3549ac2a4726b01c72695d27167941a3 1580883270.7460694 88 
1580883270.8058033 cd48c1b2cf680be6085063fcdd3deb28634f9aba41744b6a1952e995f74d28f8 1580883270.8062298 88 
1580883270.8198402 02cf0e4aa5e705270b85fe4aee9f86e2713a2ced6ecc7d163d2b9394e7113b34 1580883270.8200793 88 
1580883270.8278165 4b5b2df07cf5960dbc162e43ef31116df7eb1ba7830391b2f049f71092d5b07c 1580883270.8280504 88 
1580883271.1368954 25a4804aa8c80faf6fa4b0e7d8c222ecce2932f41f47cea752505b9e0571149f 1580883271.1374292 88 
1580883271.1464865 19c9c1e5b6d48f9056538b609cd516c469606b9bd185b95b9a4456f6f8371365 1580883271.1466987 88 
1580883271.3214822 1b52e4f339d9bd0bcfe42705828e0d23801b291b9a7ac6620e60b87dbed59b7e 1580883271.3219628 88 
1580883271.8191562 36d7d7b1a8b7be46fcd33e586ffc5bfbf5be09ed0c0c502d426cb6900518b98c 1580883271.8195386 88 
1580883272.1659298 cd1aa62b2cca717e0a1ec1a8fb311a083e9178a69df8087debd0cba30a9dc2ae 1580883272.166316 88 
1580883272.26559 1d329ec18fbc1f4955698ec172fa5f59b717080090d49cf5a2fc71cb0a326d63 1580883272.2660077 86 
1580883272.2709706 74b5ed02ffbb7e77d3422c20546e17841b2ea57a6c1b8596bf55e75c9372ed8a 1580883272.2711685 88 
1580883272.40567 e911850bf303f1008a7e558fff09d61425ced07529bb6dc8f3ffea94108abdee 1580883272.4061623 86 
1580883272.4305627 068d021abc66ca959a416d9d91e1fcf2b99ff8a63baf87d2256aa9b0278a34d8 1580883272.4309342 88 
1580883272.4563859 393c5dd6c517084a228d32f1a763ef8ab398272c84372a8b0f225a2c261ae66f 1580883272.456643 88 
1580883272.769081 759fded4a25447c5569499af6227d1c2f3cf533fb5892f5fc91a795c7e14d814 1580883272.7694745 87 
1580883272.8708389 0e985ecf862345a55203411b6d5cc51c67650ad191afde6495cbe2f35452ff33 1580883272.871272 88 
1580883272.9512923 d4e803ba1028d856ea2003ca601e33769aae8932eeab233ab165a75c5fcacbfd 1580883272.951813 88 
1580883273.059779 077e0f6c95e5336b8fb4d7a306082ace105ed2485afff70a42f1b573e820de6f 1580883273.0602453 87 
1580883273.127314 d979b55e7d8f14a68a25c12eaf8189799964383a6535a64d418914425fbe4a24 1580883273.1276836 87 
1580883273.5003765 0b26ab23153afc58b56d07598c58dac4c6f3e389d5bd6349dfd586c5ab9940d5 1580883273.5007393 88 
1580883273.5868368 571d8220ae88371be6a18de1643de8c16b249c3f1c2f4600dcfdb022577fce3d 1580883273.5872965 88 
1580883273.7203999 652065b4f5ac2c5bb7450bf5a185613b5848db5410a43154ff2b6181ca71dfe0 1580883273.7207623 88 
1580883274.347552 c07b95b64cd5776a27c66d48b7a55523493e4b1faf84cd1efef0112d1f73922b 1580883274.3480158 87 
1580883274.5525303 890bca4a8c25e2992b69f5e31298bc1a3f0abb6d64535e3664734055c21b1f48 1580883274.5529122 88 
1580883274.6177351 d8839eafb10a88302ea88af1cbb614961482c20f4ce6cb2b430691c6a82df528 1580883274.618102 88 
1580883274.6656194 45f8ca95d4198debb5cff23b99caec23e285d3fee0339c3bb382cbc3ed9b3e86 1580883274.6660137 88 
1580883274.7575114 0392b82a79c00ec84f32e5f24c798151a639f6b80d17d92eb4f7954d501fa918 1580883274.7580223 88 
1580883274.9555252 ee8c86249906d08e9c468f32b6ec29c090233aedc56a0442536cef450586c0a8 1580883274.9560044 88 
1580883274.96994 7adfd36880cfe3e8c5655e3bb102d84e79670cb842ea47452ac5a1d25f5e0895 1580883274.9701855 86 
1580883275.0935447 8b31df1d297cc0c0f497f1ec6b0724d67a9a5300cf1a350882f0b0052e23146d 1580883275.09411 88 
1580883275.2461617 de42b8bcf049a4114db5173648021f9c939fb1da0b8ecf2b6ab2d67243e88ad4 1580883275.2465467 88 
1580883275.4649317 710b9f157f4db01945642ec1511a647fa6d8c3363e493ccd5857c511cff17455 1580883275.4653285 88 
1580883275.7062783 48c0e9cbe6f4d3938c7684e3bde83e6a2d42a3d3fafdca42d5fdff933dac2583 1580883275.7066884 88 
1580883275.8997877 d88b15efb6beb8cee0f970c14129ee0db16e5aa0daf7bd9342ce511c393575bb 1580883275.900332 88 
1580883275.9808078 5e9cb67307c60b26c55f80670bad7c2437a5546892740c61973b272385369fbc 1580883275.9812455 88 
1580883276.05156 fa6afdd8c20f06fceea330cb2d4927e7de762ec68b598101b3bd61a4d3d25f2f 1580883276.0519304 86 
1580883276.1586895 695099ef467dfef6586b49220423ccb55c310dd25421b1e99dabe13b007ac229 1580883276.1591957 88 
1580883276.2734613 c77c104dbf5f1eaffaddbd822e75ea3e28661ca710f0be7db9a81c703369d7f9 1580883276.2739117 88 
1580883276.4135845 d97622c0e9b1f80e31c2d21812707e120c040248fc8a59cb3dd67073c89a5c4c 1580883276.414019 88 
1580883276.4731205 613bf1b4f727b488ce8837e3485378aa7ac9322488f20f1695a5d0f5177a78e2 1580883276.473519 88 
1580883276.600315 d71802102a93fed3839c0f43181eae06676b971b8da9c816fc30a31d09fc336f 1580883276.600694 87 
1580883276.6313984 c483ecc2864d26c985ff7070bb5367edff7ca8a126d6801ee5639d531f8d4999 1580883276.6316926 88 
1580883276.8831117 6cc422ca81d883c045842b6d50105cbd55d6264a2a818706ffed75a1553ffda0 1580883276.8835125 88 
1580883276.8995876 84cd5c768caecce69a8d7ced1a0722dc5e22f1fc06173d3108af4d7d28466618 1580883276.8998702 88 
1580883277.1118789 2f8de9bb721fe731e3eb762973f39111164db965d24a25372ec32cace992ea24 1580883277.1123126 88 
1580883277.2478006 8612e910df18868962f6bed69219130ac7b14fa53f58771062e9bd39a554d356 1580883277.2482476 88 
1580883277.3982022 f0a347cc7de5287a0d96446b26abdfef93788aa3519f75e37bbe659a1f03062b 1580883277.3986003 88 
1580883277.5844295 3d76a3fddd30d29d7a00e466a33be08e511723245fa33bd4e36ee7f9b3ad54cd 1580883277.5848317 88 
1580883277.6139612 4a5f6d5d42c28bbd8cb2eb63988aecf08a4d04689bff986026dcef03cc85ac88 1580883277.6142063 88 
1580883277.8960745 666d4703de554bb859aca3fa10f3374cd545093023f8f22d6afb7b07f8ebde02 1580883277.8965528 88 
1580883277.996424 7d20b03c26f9466e89d95b09c3c962559c8345910ad90a17ec5277c8689662c8 1580883277.996791 87 
1580883278.397812 ce8fdef7ee02edc7c9e83f7928df4a009ce9bd1cbd5fd731bcb62c5dff1e3bed 1580883278.3983545 87 
1580883278.4476688 99eca998ac0440188272ce6d1a4fa49ec9985a3db3dc0d4ea8a22f470d165140 1580883278.44803 88 
1580883278.5270925 681a591a2648827d32609c084665c525fbf3e0d43cc30e2ebc875eda80181e27 1580883278.5274854 88 
1580883278.5960622 91c205210d3159e88ac916feb5f17e6f172a8a0a9b8c177e5af5e60cc5edac0d 1580883278.596441 88 
1580883278.7073498 c2cf87d7a4161fb1b4f032dc490d95f0469c44eeca405ba6dac77d73219c6f30 1580883278.7078032 88 
1580883279.0021737 5d957f9918cebfdc59308ddefe29c70a42d4814d6e026af20ab355a8f8c06b41 1580883279.0025768 88 
1580883279.1232622 f870324994d0e2802f53855369112c1fc78f0af1996f202bc95b065544c14c28 1580883279.1237166 88 
1580883279.2650905 f6be7b2bfbcc84d9f1ad7dd338ad8623782d900699a572d5a7c68e1928de74eb 1580883279.2654674 88 
1580883279.3289351 26b379c63e45ee39d57ced88f6797b0749617cf60f24c069265a4b665af4251e 1580883279.3293307 88 
1580883279.5607164 1fcbe9b3611fe59ace81577ec928838776fe433cbc3c193322fd9545dd54a9fa 1580883279.5611703 88 
1580883279.8437262 7f12d170303096e2dba1c3876de23264bd32930892d07fd6c3d3adaf8424d152 1580883279.8442078 88 
1580883280.1057694 3b656afac7c74c4414612571a348401777f4713b090549336a861d37a78cfd7a 1580883280.1062403 88 
1580883280.155581 3110628aaea1327d825093f77fcf53e68d2125f38888b19c1a30dcb9781e179e 1580883280.1560686 87 
1580883280.6219811 93084fd73e7220fa7a7a4d4de4682d7dcad339bd51c7ff87426a7f76a38d8ab7 1580883280.6224656 88 
1580883280.6249962 281d1ebdf8c5dd6c54f082041b3b3cb87615ebb2b6822f399c77935f28ac263a 1580883280.6252062 88 
1580883280.7341769 51cdfe5a2fed9d292ae9e739dd54a07284997ce29e486c0f3ef017e5e6a0a79f 1580883280.7346122 88 
1580883281.2364352 be9b6a6e4de749c83fb7c7bc8cb8d2332d667d90ef3368f4f7896cad30006d48 1580883281.236804 88 
1580883281.2891388 7a7df780dddd87799718e2c11dafa4cc1762c7851510bd2df1f942e616a30d75 1580883281.2895546 88 
1580883281.6748118 374d11b22556d43a343b9ab9641e39644bf5ca3e13a14276645265d40a329bb2 1580883281.6752353 88 
1580883281.906789 c62469033fb5296caf227b5d47f8ef697b6ae0f581019f2eb4778774db12a0c8 1580883281.9073274 87 
1580883282.095656 29b57738ffaa1667381abeff560af4dbdb723e85ec88a1f058c9db06c989a8db 1580883282.0960627 87 
1580883282.2985423 ca7ac977646ae07423416139dba40d12ae3af6b6b09dfa2b2a06a8b8208538aa 1580883282.2989597 88 
1580883282.3949826 3b8f26a1b413d3f6cf1eae33e25441404dc665584c97f813bb0c5bd2d6b17518 1580883282.395474 88 
1580883282.4852755 76160ce97296b642796e8cd6bc4ab2e5e6c6fda549f72ace3839990841c9a853 1580883282.4856668 88 
1580883282.558988 fd3ec07d1a2ebaccc5cb643cff5070543d0d417a59758945d83eec4c15e53fdb 1580883282.559422 87 
1580883282.5783515 812797b6a407985632f75212ba7a1538dd9f57a3b8d1bc3247f4203eef7234ec 1580883282.5786464 88 
1580883282.8112447 9f7d034ec7ca286afe00104541a4bda7d25009656bcba1faad396975c02b2394 1580883282.8116472 88 
1580883283.0566432 49db67ec249685b460a27d7e2f9476662f85a6f7628b64758818346aab126b10 1580883283.057126 88 
1580883283.125726 83e61b402cd4592f419013110ed0457aee0c880e061ae3834dc5f62f4303ee54 1580883283.1261942 87 
1580883283.4641402 a75988d5277a7586407a49ee97b208fdab4762143bc6a34ed6d0c8d7650249fb 1580883283.4645133 88 
1580883283.7711775 d5481111e34b120283f759541143285f412be6f6e582caf769174c4fbbc46e91 1580883283.7715888 88 
1580883283.9576018 64b912feae7febc1fae41c3e174a9c594205fb8b756a557146d2dfdd978aaefa 1580883283.9579737 88 
1580883283.9957771 ac3b70f152199e583e6c58b8d670ad974129ad120f21eaf654f0f0c031f8c9dc 1580883283.9961467 88 
1580883284.3162117 576370d6b5246397faace0d81ae5468eff04aca72b84cd5c9dbabc17b4229979 1580883284.3166955 88 
1580883284.3206263 0952da3bd4d462816bc612d6b90b4cd4ed8bf097324857202d28ae9e537cefcb 1580883284.3208473 88 
1580883284.6769347 212176de190ded8181215761ec8b1e31876079e36e9e48fc291e4b76d0015642 1580883284.6773405 88 
1580883284.7287252 8fc375ce2c49d44e9966eb585ab66e09d1c8a18c8467d9921d1e7dd3665f4b7a 1580883284.7290924 88 
1580883284.8007941 6877384e5267564440661f6a67420fe2539fac9d4ea40911e16a2f5cac53c924 1580883284.801196 88 
1580883285.2427697 fd3c992c50134e340013dcc21d692f7a737b2d7bc20c4493f2659e220a9991f0 1580883285.2433212 88 
1580883285.5778599 78dfc32e8c4a95f76d89e4f6fe6cb8496f7ae4b375d5dc00ae5341d8bec0b8ad 1580883285.578242 88 
1580883285.6500766 04151c5ba54f16a694d14fbd6d8fb3fd46a4d4c365994787cb1ddfa5aacdf65e 1580883285.6505623 88 
1580883285.6925995 f7f98126d2828e4e4134eaa9edd4de3ad9e9fc589fe66fb744751a2a03b05481 1580883285.693003 88 
1580883285.8567493 2ae6682a871cfb12a40bf9ceefb7a20a4494353d8d5c4323494d0add8a1b993a 1580883285.8571513 88 
1580883286.3945117 85d7f870fc9bbd70d8d564aa6c11ebeef7a56301986a5da989fa570711272799 1580883286.3948796 88 
1580883286.429592 c23479963948b7cc03393703c13bac5ff17b05a9f31b1d589e40e4872b04bb92 1580883286.429995 87 
1580883286.4493651 2e8d01303136d686bdabec10943c4c601504c822b9d91a3cd0faf176945a19b5 1580883286.449705 88 
1580883286.8511708 985778d5369379242c108ff10512331eb6b7bb9676ef5b1e043a1a07173c4c1d 1580883286.85162 88 
1580883287.2316935 c874459caf86e1c94df10415fd582dcf29f890808bead4ec4da93e7d5b7e1b54 1580883287.2330558 88 
1580883287.8549042 e618d4c397c2b7006a0c4e4e5e50225c1091821339020b8c0a59d7e340e9435e 1580883287.855398 88 
1580883287.9799933 812854ae9171a3bfe3e7e5ac18e0dc55188ddee409848201e6fd070fcd0102c8 1580883287.9804018 88 
1580883288.0779338 b26a56949c550b8e461ad1664f2f7c0815ca4a7525201a79d655bc1ddbad4d58 1580883288.0783184 88 
1580883288.3012617 7b7560e28796381f7c0ccad5c6c3d26d5576788e5d80062743a08f1f54494616 1580883288.3016422 88 
1580883288.5465426 41ace0d7f4a2cb9b15edea1be42136f4a6b4ac9a4cfb30cec45a01518fc4b8a2 1580883288.5470185 88 
1580883288.5900424 b3615141834ebd5701cf8970c1a19da347ca913a1d1d02b442d5fc1c77e86487 1580883288.5904803 88 
1580883288.645199 3d5a065650afa08ddc63748955656392f714bb5e4170af55e0adabc35f407c79 1580883288.6456122 87 
1580883288.7527246 6545f4c504c05ce96e14fd2faf0c434c4920c6f4472abc20e18ac3bc0fa06a39 1580883288.7532387 88 
1580883289.0170286 5b5081f2323fe62c362d692ad9b5f889f73dd1e56f7b2ac435fb5353d839b787 1580883289.0174944 88 
1580883289.666426 025060f540aa47474b257e11fe3b8b238d1764d25742c97b303a08791aca04bf 1580883289.666926 87 
1580883289.7366076 105704caa352fb0cd34730dfbbabc5f877de23fc1fae79a937c4b38400280949 1580883289.73698 88 
1580883289.8119931 4cd20e88a790597d122279190f709d552d8266b20423daa269a01f510ab902ae 1580883289.8124115 88 
1580883290.4918482 979ad5d4f451edc5349671b3029fa030e74c4dd76ccf39cca4c4f515861e582f 1580883290.4923048 88 
1580883290.6045535 876c7d4e4e8787f64a05c761643f780cbb2708800ae7525a5d7894d6706edbfe 1580883290.605004 88 
1580883290.6344025 1b3cae820fcabfa87b3d1897a0ae69f0893408aa5ea2e90d09848d50d1e93755 1580883290.6347423 88 
1580883290.8365946 314ab3ddad8df2fbbb66d1e47bdd39b4b1f2b019fc290dd678aa5cbaea5f2570 1580883290.8371449 88 
1580883290.848543 ae8282ef516997e43659427945ca9cc72ffae27b550fb418c98846f527e356a9 1580883290.8488395 87 
1580883290.9599032 71554ffa1b5c16216f46680b12dfc3efedcf3ed9b4f8ceb88bff15317a72df60 1580883290.9603045 88 
1580883291.3616376 dbcff4df6a01d48b12976835778c75755d9b3ba4dc097b0c9c3c391c76a977d0 1580883291.3620367 88 
1580883291.5071676 c094937dcb7e9e5751a647e300179a36c06a8fea6edc0496cc91c119642dff0d 1580883291.5075068 88 
1580883291.8316581 6b34bf077d10a4bb6a77454256997ae32ef9d3aacf01169b6a830a84dd7ca8b6 1580883291.832201 88 
1580883292.1175637 1ed6bf46aaeae72c25431c964ff28cd4ce37d45b373137acef2f0b725672bcb9 1580883292.118011 88 
1580883292.2045724 f709d635f81cc6ae337df38ddd0f5c13948efa4dac4c7cdcb093d47bd42c0a85 1580883292.2050648 88 
1580883292.2336287 5beede958a5b88cb5910a413ef484b39febcdf8bec06a699e3030a76a6df6f04 1580883292.2339501 88 
1580883292.6736891 a08cb1a3e6e737a70cf523e69989d8167632d3b7d8bc3f62a30421cbd4014ecb 1580883292.6741478 88 
1580883293.0516605 62461e2be0bb654b8f612e8dcc20100712dc05324de9feaca78dcabe4c48dc9f 1580883293.0521338 88 
1580883293.429113 0272f7832de9756377a8bf1ddc9b96f40f67a63e71ca60cab06e2b46afc8809c 1580883293.4294763 87 
1580883293.530331 fec20a3e580e70fa9dd397d7b9ce26610611f1429f0a64eb6a7672451142b041 1580883293.530756 87 
1580883294.1273646 065a9e70b64f0e1d922fae23eed0319537aa7fa876b002aadf5e99e621ec9057 1580883294.1277578 88 
1580883294.6836553 9f5f931fb9cc65452cf9c9ad3b889c6f8584c2e4ee87a9ad573fc0154eb6bd89 1580883294.684055 88 
1580883294.7227206 6f7207acec476c5dd9acf224ba5f1dcce56098a7d9beb4e8090e2e15d2168f1b 1580883294.7234335 88 
1580883294.7326982 de75f82c7f0581763d9f6ea3559ae8cdd9db13a021d1a9b54dd6f30fbf0506cf 1580883294.7329454 88 
1580883294.8751032 d3e7c5850dcb5d7cee3831cb3c13c46e24ca1868c7ece29cb1789ee979fc3a12 1580883294.875537 88 
1580883294.9553216 4e60c059b21764396de4dee00ce3801b6f1e2e253e9021abe16bf3956ad50ad5 1580883294.9557185 88 
1580883294.989981 fa4a6ca45b105f896ebea4f3cda4d8789ad3b8fca8a24ac3440ab1dd70541ab1 1580883294.990421 87 
1580883295.0813112 f865acbc5ca0eb178b16cc649198a3d916ba84b3655f827778259b5993234d5e 1580883295.081646 88 
1580883295.4536188 b0291e704a3efa628fb327ef89b72f6616c4a942a81762eded4b72e42ddd0ce3 1580883295.4539847 88 
1580883295.577438 6a5b413c10b245d4b9310527784fa42ba618da09b65d0214cd1a6925fe6d1f12 1580883295.5778642 87 
1580883295.8127751 50c3e0122a3cac6e7c51be649b89fb043bf20c700bcff24c932cc2239e9dc4fa 1580883295.8132606 88 
1580883296.0728385 fbdae58df90508189bbe98337613af826bacba5796f6e976dc85ac25dea65009 1580883296.073221 88 
1580883296.1369693 7cfe6a8f99ba08180e56f71df0e066093e8df269869edb4442f3f08ceee81539 1580883296.1373885 88 
1580883296.3277738 a7e75b0e8eb0ade6f2cc7afe5c04d2f371db045202beb94770c66b3f8c06d8e5 1580883296.3281903 88 
1580883296.6280825 51cb7d7d3f344accbe1c3927ad743d04f8a9032f5354227e92a8f40ecb223672 1580883296.6284873 88 
1580883296.7036242 b317421cdc0bd2691f504bb99dc1242e8ed8ff8686dfa753c78a933f50583377 1580883296.7040212 88 
1580883297.054108 ec4f288927829dee2e16e68ba46cbd7c6e95654758573fa2da7dd4b44ae8fb49 1580883297.0545444 87 
1580883297.168624 c88158dd84cb54b7251b09e381b8826d793fb92efb51c23c1d16c7c1b9678b47 1580883297.1690242 87 
1580883297.3188758 1d7cd81d9ed0b703d03800fca571df3ad71987f08934b0f037a1aed00382b733 1580883297.3194194 88 
1580883297.397705 52372b7f9309bde01a79de6c8bfbabc6fce5c0b26a46890e4408600f96451e13 1580883297.3982332 87 
1580883297.4908984 b7ef19bfd8753dd219adb3b1f38a4a1e5540158867e0b1d04a6df807dce85553 1580883297.4912922 88 
1580883297.5195448 e6d8af517e26351aa25dbe2799fa59aad8384f5578236a593a9ea6165d5d957f 1580883297.5199115 88 
1580883297.7296243 69215cd750bcff8acd4faecd0801963208e9360f5680aa6b4b1c2a390e99c70d 1580883297.7300858 88 
1580883297.7975686 e5b8beca716480b48e4a198240e846d066e165d4fdb61ea0dd843fbea9a7e973 1580883297.7979414 88 
1580883298.0716586 68db316d33af929767744d74a97246873c248f28d7ad1e6fc4af5a1f9c6ad44f 1580883298.0720365 88 
1580883298.1367319 816b312caf96df8026af7bbdfe78cd233c5745ba3d6f1e466d2b224b5e845ff7 1580883298.1371372 88 
1580883298.6419747 a6461dc41673db093143188c298f22a489d682312702a7a3027314facbd6e791 1580883298.642381 88 
1580883298.704627 026c1e30ff8d2bbb60e432309621a2f23ceccd03479989a1519655a42c97da7e 1580883298.7054183 87 
1580883298.7698636 6b49c9f0a037d5b80453beed36ed0f8cb4bc1e22388381c9ba0339e8e15a081c 1580883298.770268 88 
1580883298.8403523 b040542aac4728661fb22ed26d7e406272f3d6c3414021a24812b6b8708d73f9 1580883298.840706 88 
1580883298.957846 5c94f9fa4bbe3730dd2a78538b2fb85f218f6c4fbc4b61d215fa5292b4c96f01 1580883298.9584057 87 
1580883299.1344 721cd91c9322276d8e5f48f4416952d7e5f15756baa54a4aaab03f6fd949ed8f 1580883299.1347797 85 
1580883299.4981012 52c9ddcaed3b8131519623244309aa3068bac9e0350c2b1b4b822dbad4f81c35 1580883299.4986122 88 
1580883299.5751646 498d2c6ad11eb2b5433a263607d57852cf4ae56d669c97af8445064d43a105c5 1580883299.575543 88 
1580883299.9402928 62af1a62e14bc863b1e71cd8dccfc99a6eaa22981f6a9f357f47855f1f122f05 1580883299.9406972 88 
1580883300.2292137 857eaf0b5049d210140161b0d4b972d6dd8a39fd775f3c7098116709353ff507 1580883300.2295933 88 
1580883300.3877954 b4eed41949881cc359325a027ae35a03e147d8fa9c68721d1e8150da7792b97e 1580883300.3882787 88 
1580883300.4589806 c92edb929aaa9da7b4158034c8cf5773669dedbd937299fc0d80da0c60c9ed4b 1580883300.4593887 88 
1580883300.4681885 248f911a6f69ac40516669b63c37fd75bd08ca7d171f292dfd830e966afbca6e 1580883300.468449 88 
1580883300.7573 c162419fd790189e9e23d3fd3e22f4384c66f3eb9600a6ee6b14e89f7aa6c081 1580883300.7576797 85 
1580883301.6134095 9ce10e9c3d8328703d12ddb79ba028208063541442c0fd79a827c634e8b5b204 1580883301.6138535 88 
1580883302.1823769 8b3ce88dc084d6e22deb888d761ffecfc121cd010ef1ade318b1d06ce7008d1e 1580883302.1832054 88 
1580883302.2411036 186a540c84e5ad5640bfb39cbf5cacba7ad4cef36acbcb4455083524d8d8cff7 1580883302.2414443 88 
1580883302.9488025 ac5fc856dfb2b3418774a1b71ca2bcc14c82a3c18892f2259dbdf92582ee90ac 1580883302.9492311 88 
1580883303.1920817 fc7c182cc60e4861a3b1983ae04481266fa0575e9f41fa5cb808a70a5a82ed12 1580883303.1925008 88 
1580883303.6510735 041d353307420ed49f3321f70f31ba2363ca22868327a6ee6faf8ed521c6dda9 1580883303.6514974 88 
1580883304.050001 31b6eaec9877be226007d96547ebd6122cd1f100ca1e30c92a7f7b57f1ae788d 1580883304.0503876 87 
1580883304.1223702 d228facb5e2235b3539139651920b13a0f2a928651bd3e4c3f5f2d510623550b 1580883304.1227407 88 
1580883304.243431 aa780c250f856ad525f650de8650ee5e7dcbc99af312e0cab1d9a23ecef8f486 1580883304.2438884 87 
1580883304.3262246 218ca3117547253a385de428ab0dee98ae7b46737febb26fc60aadbe6f990462 1580883304.3266687 88 
1580883304.397994 77bfccb34312e4ac6eaeb2cc66532b6f505a8695532895380afc2bfe9bf7da42 1580883304.3983521 87 
1580883304.6153328 083864e3f5613e3288e2e4866974bcf947d35aea2cecb54d1ef2bca941e251d9 1580883304.6157146 88 
1580883304.799266 44c7cc1d000a04061825acd98917cd5e704d3b888e271371853328bfef120306 1580883304.7996163 87 
1580883304.896567 7dc8fc2f5214cced89f2a80c79232e310f31ea1a25c4c6c1c2763d47b5a88590 1580883304.897001 87 
1580883305.1634672 f1057279c88c6d7e65a2e6cb4d717756754b419e3b90a2c4004c4f6728c5b0af 1580883305.1638937 88 
1580883305.3169107 e002f44bd025d8ee10fe84eaf231eb9a97558f3288f613bb5a4142945a94bfd6 1580883305.3174136 88 
1580883305.9126687 a473d2d72ff2da593bbb1fab2fdc726b10fd5da819e561aa983f7f2dd7c45fae 1580883305.913109 88 
1580883306.5909643 2443adefa9971120587a035fc559c487c7aa4cfd6a6723ef19baffbc9be202e3 1580883306.5914204 88 
1580883306.610284 06fb760222d592ff94e935f2b874bee8950ade56ce1033b2c1bb6be8a04a0405 1580883306.6105866 87 
1580883306.7597327 c2336c87288a48270baa142a8f1108cb7f785345730baa4c459e533612cba31e 1580883306.7601411 88 
1580883306.8444045 530b1478574658c032d552587bae02e7307dd920df72284abbdea0422af6496e 1580883306.8448515 88 
1580883306.9149132 2452878090a4efe1aafe406595c663ac96f4a3008515581585f9742a5c061ca7 1580883306.9154253 88 
1580883307.0368843 169add04d073e354e65a28b786796832d42431e5c9ce53700dda3a12df71f1cd 1580883307.0372653 88 
1580883307.820718 00da9b84119a0bd6643a1e54cdf68f3867e395b8fa51fea812b0143c4dfd270c 1580883307.8211591 87 
1580883308.035399 ff0a2527ff55b8725d90fb6053bbca320a566a61ab3bb7651e1f78357f8c780f 1580883308.0358913 87 
1580883308.08236 eaf71f10e3d31e84729ccdb2ca9762e3cbcf86aeabec7630421a458311f78188 1580883308.0829718 86 
1580883308.2420335 bd5df4ee07642b9f02b4879dd973e19814de10d148cfa6c99af5894d6267ecfe 1580883308.242426 88 
1580883308.2558763 84f9acf330f23ae43d1263e81bb6e018878e791125fcd8f4653cd331c4b9d16d 1580883308.2561088 88 
1580883308.464687 0384bd839917decffa78bcba7c6db1c8914e1b032bef6fa06ebea3115fcde118 1580883308.4652233 87 
1580883308.6077278 015c721898d3e59b5ed0d184a8a41aba61e970b628b15a2e4636dc41b90831a0 1580883308.6081383 88 
1580883308.8526783 19ba5912135e6160f862a49e833239a68ca501e8bf1959b5893036687a6f6a49 1580883308.8531802 88 
1580883309.4665272 b6bc877b2f0e186293846e65fb7145b2524131eb494ddfcc4dbabfd3221fa3a7 1580883309.466899 88 
1580883309.5264742 742abb7685546b800e8311fd5383e3a9c1ae7d7c8e618bc930a144e0a0b17244 1580883309.526922 88 
1580883309.6356792 5e4398d32d22d3c53d2c44a59d645d5d3df0b7513278079a6c5c296830f1bbb7 1580883309.636159 88 
1580883310.0695174 2fcc3b9476972af42181b4148ae40c82a9afed4859c32fdb04e23dcea763abe3 1580883310.0700412 88 
1580883310.2240403 c2a305871f1d352d08c55ff21ff931a98f2414c75ecd432c63771216349a3e42 1580883310.2244723 88 
1580883310.3349347 c08ec412ab50ac788e5ccc6bd2d63f99400651bed6ce3078ffba552666c9f789 1580883310.3353913 88 
1580883310.4866095 aa86bc4c97200f6a9dc7cdff4b355a8755407329a43c7c7bc06c8eae1e958bfa 1580883310.4870286 88 
1580883310.682148 dad359de54a2413ec87db0b019be8322dc4d0784623c468a2409aa9e02704992 1580883310.6825702 87 
1580883310.7816737 ef5720ebfe7497ca35d559bdafb68f5fca024efd8dfcf356e178c350d2a25017 1580883310.7820804 88 
1580883310.9164104 8aa3e87429e7b4b66fe4e44d6c0f2d978709c3a7ef374fa8af465bbbef7cc5e1 1580883310.9168382 88 
1580883311.0911288 d92979cb3701a9eafa8a718130bf1c5734ebee84d950e46822fde6d4e6140be2 1580883311.0914836 88 
1580883311.3524873 810c1ce1a1aab70b8e20e4122c147dd5e6ba31a99b78f1e3abde510c2fedac58 1580883311.35296 88 
1580883311.902104 457eb751c99f71531594ed122d0f5ea8c3ff725daec8116acb2acb2e6e875e8d 1580883311.9026058 87 
1580883312.006297 a51933d364c8ab5dd8a694c82338ed915e114048feeec23b84e9079797d05a80 1580883312.0068688 87 
1580883312.232381 ef7c1ce844f2de491802fdc0e61bdb272b33c63b40764ba9ff09e1e6124b89ce 1580883312.2328804 87 
1580883312.6161497 cf93f9bbd93a4a76cdd381064bd9162221497bce1ffb56e75ace5cdb9ae331b2 1580883312.6165369 88 
1580883312.764889 77c66053eb2022f3364a2c2eb0dad5add2f8e2958fc7ffc7d89317048fd03fa3 1580883312.7653286 87 
1580883313.0364676 df56579e1a0e96f8bbefe19b6a83f5dd0258a12f661ff6fe1432b2d361547c07 1580883313.0369139 88 
1580883313.1688852 4bd70e89b58881e8a12d580343e5ea5ff9e49761e8d0b48db244562cb73ea40e 1580883313.1694307 88 
1580883313.967977 2b19ec595dc92f2d5c61ca86931edadc00caaa1b85583369c917593df42f27f4 1580883313.968848 87 
1580883313.997031 24edb999c65bab3a30285f5c5a17ce42440e41f9f0e6eb3a06f08bfca16d95f1 1580883313.997333 87 
1580883314.5829906 72023339c70d9929fcbc6121e0537dc6d75a7f2bb47958e3e88e331a651df731 1580883314.5834699 88 
1580883314.5913975 6558af296c6d3f5ec0646974b33ef723469f6d57b032f9274790d3859c1709d9 1580883314.5916526 88 
1580883314.7124574 abea4bf882c916fe8de5c1cc904e427c619b1a27d2f2b02b5a015c9b01b65156 1580883314.7129424 88 
1580883314.7445717 0fc549d69c992736646759f18238ea6744f2f1dd525c93a6af5a4554dc4546ef 1580883314.7449472 88 
1580883314.7817495 5f416bc34eb9cb8d7c56bd2ceff73db78aa17ab970b19c03d7a9c1d882bd21c5 1580883314.7821546 88 
1580883314.8119783 f73da78b7b9c1b997045ed3ac8065c49add2ab85fb513676c1592b635c809098 1580883314.8123446 88 
1580883314.8662992 2843e17e23b19cb64c7e4d11dd1ec37abc672d1e3c29803b00d92f56e1b5b086 1580883314.8669305 88 
1580883315.2581139 f6aa6aabc0f1467ea6a5d90d534a9ac27a82c60a34306bd35e5300c91cf935d0 1580883315.2585201 88 
1580883315.2775726 e79ccf6f470563d7f6db3842301ff56d7ff909902d4ebee0515147b383053bd4 1580883315.2779737 88 
1580883315.6200597 1d291ca12e33680bcae52624172f60183d79acbdf4cb00d770c570804cb8f331 1580883315.6204813 88 
1580883315.7182808 4a3424ad18c16f92fc98a825fe8c58faa3bf407e2892d0b9e77f981a96a9d8fb 1580883315.7187572 88 
1580883315.7912438 28f83f0a910aacfdb356ab7124e2f70fda0e0d28366e0ddc857738b356a86021 1580883315.7917407 88 
1580883315.956013 5d1185fd2ba3e5fe806322c083f4657065848969dc77ed886b796ce83a38f66f 1580883315.9565952 87 
1580883316.0069091 05bcd78236aa4fa037b390b5395df0d8230a98ff50ec46494723d153fb340980 1580883316.0073586 88 
1580883316.1567545 acb1fd3f2928f05057d9f3db1a2c91eb5c459e80b6b880a20719974e0322171c 1580883316.1578014 88 
1580883316.1726649 11048c0ca8b33add1212d99cfffc3855b529f9ef5027dbd396c5c423b46981da 1580883316.172969 88 
1580883316.3738685 f63a4553ded007c507366cabeedac66d6e89e7588e1038a241a4aa8ba1e9bda1 1580883316.374468 88 
1580883316.7109792 3af88316ceedfdb6a2aed1542ec5f92ffcc0e0dfe20ebe5e369551d5c33ac886 1580883316.711426 88 
1580883316.7996771 e8b4d2106a456dd870a1bc9db8e3dbfec62f1073eaf783391c700d4878c12985 1580883316.8000402 88 
1580883317.0045297 3ae484ea7965826b47e1222c90bfb354027c405be77a95e92c70d1529d58a5b7 1580883317.0050316 88 
1580883317.0238864 7b7a8f376392e3737d60d633c2c4cd049f5dca1901bd56e525ec0a617ad8a1d4 1580883317.0242064 88 
1580883317.3499658 67708dbf9b28454eca41f46f10f9cf947b3a90b6d52f41089e56e9d538eb54c7 1580883317.350395 88 
1580883317.4744332 6464af0725bf6c8d52d11325f7df0a03da7b0f9371e641f0e03758c58b5a8edc 1580883317.4748385 88 
1580883317.5490685 ce3b4b50b79ce27ca059488e4aa5738234ab55203523156961af5c34cc604af3 1580883317.5498965 88 
1580883317.5701349 c6a59f58cc6d1c12862d9ab2e542abc116e11ea5f2737019540a24b8bd8eed40 1580883317.570516 88 
1580883317.6048808 d2acafad3f5f2adc861c9f136cf2c58e93c14bae274705aaf963cb7177834fdd 1580883317.605308 88 
1580883317.7914104 c8b763b639e7c97826606030bb4fc27a5e83aecb5f4463f965a1300c16482f88 1580883317.7919273 88 
1580883318.2021253 19d03c8e19769c8f96ab8925b9ebd489b6516ea36c8c711089a165b63db927d9 1580883318.2026765 88 
1580883318.348613 8c7b52f6bd3a5f190bc3831e978b7b07a5d748a59aae25dc8d9c16c1e0444a97 1580883318.3492043 87 
1580883318.623307 4b7e8fa4e49b80cbbc9e8d04f5ea6fc8511389867cc820f2b6eb1292ff1f5eac 1580883318.6237419 87 
1580883318.8767793 3327ce1838de13c371ea06fc6eee3d247ee0576cf3f8ade1371f5b95bd10e663 1580883318.877335 88 
1580883319.7268567 5bbff7289f066251ae76c793f4ff2d9b2c7f2a8f903075fddcb91a56b056a0a9 1580883319.7273858 88 
1580883319.8596642 306e06a711fa73ca08e1adf79f343f7ce32d34797762c766eea636299c7f9076 1580883319.8601434 88 
1580883320.3555832 91ec6bbb6110fda13ea1ee102133b7be42705aaff31b0ee52689946ccda40dfd 1580883320.3559513 88 
1580883321.4943624 30faaf25147f58968c0dc0d203b7239185fd6c269f316fceb2decf3cc209f0ae 1580883321.4948587 88 
1580883322.7698328 36df8be9886d91cef5d242f34e3c392f0ef33afb9fb95f2c98b80ba1daa2f51d 1580883322.7702286 88 
1580883322.964795 03d24c9cd3f6ddfe837b415b7ab60f2051ee169a1035ce445268db7f398fd728 1580883322.9652143 87 
1580883322.986903 113826fddb1f2f54dd15ed942a7641337d810dcd20244b67766e00225a0af1ee 1580883322.9872625 87 
1580883323.1980777 78f700e7947733d053cc79ed01d6faee2a29b43afa6153ab2b0d410d0643a82b 1580883323.1984618 88 
1580883323.298041 1f9d327d5caf4909f8c140789279cf391a1f407d0fc225ec75785d34f7cec86c 1580883323.2985091 87 
1580883323.392455 471ca37cdbc912b079bf329df110e41b1a89859ab4bcd68c209fa8032edc8402 1580883323.3928418 87 
1580883323.403691 2302bde990f2890a2c2846fc8630da7dbd9df82756a2daeb66c538689f196294 1580883323.403927 87 
1580883323.4274938 b73cf62d3d8b41d853ab667d4e270d88d396c3346356e553e51650c63b690c96 1580883323.4277925 88 
1580883323.557761 adc20047f54d890648ed0c0acfbd2aa79b63d8138f73fbfae2ec6731ccc67da3 1580883323.5588548 87 
1580883323.5624125 5d073866980632849da9ef22516e1dd27cae831b9e2e4b377c1c87e0a0619fea 1580883323.5626562 88 
1580883323.6106286 30e1c9bb351adb9b77a7daa352cd798cd6a0391b9e3e2d3880c1bd978837d76e 1580883323.6109986 88 
1580883324.0117314 cc51aa5e4196e9d41e5c680462579460d4eda0cd63391f62e6ba28385271730f 1580883324.0121746 88 
1580883324.1006742 3f1f24a20990864047beab07fada2b6a16cac22eebcd46e1a02705fea9f6b5d9 1580883324.1010716 88 
1580883324.316338 688c7d55289786e1e61bab3e722d7d16024883501bc97892f41517d3a4c6e495 1580883324.3168492 87 
1580883324.319935 7c4545d3e03c22734d8cf50ff0b6a93e4eaf7b3738ac0e943fc9e60f2e3c53e5 1580883324.3201978 87 
1580883324.4479623 95b7bdd33ede4bc300957636057a5eb8e3a5a49133e78d48cdde7f26f478d400 1580883324.448359 88 
1580883324.4930854 ad6fce8237763c17cc18fdd1d0069d0509efbfed206c5f542e870cfafc66b8b0 1580883324.4935358 88 
1580883324.837404 cff2463c88505f283dd52362f21c58d3cda727e19513668d0b786cb2f9cfac6b 1580883324.8378057 87 
1580883324.9546444 baf18e063b5a256a7e6d49c8ec1ed319d5e2eb2ca5e236f1f2629e36164c5b6a 1580883324.9551957 88 
1580883325.2083259 76e3a013c0d9f7ae73e974fb09601510fde6df9a664c2e41c954dc74e22e42b9 1580883325.208898 88 
1580883325.5325093 47c2e7ea6251c32fa0b6ae27a5c0e4c5fe0267ee0d71d7126a7954fa6842352b 1580883325.532886 88 
1580883325.746989 341f02895ba3d9e754e2c353318d4c00fcae3e7e1ce8fecc4c2a39e651d15c2e 1580883325.7473862 87 
1580883325.9467607 8495bedc606344e895f83ba802ee6c60470f97283a50659a323eb32ba18b6c50 1580883325.9472485 88 
1580883326.0108757 7f27eb0f7c11775301bcdb0c153ea8bfa1362e4dbbeb2b6378f926e878483fbc 1580883326.0114133 88 
1580883326.3200407 50a513b4372c9c18e3c4db7e8a693665b9262c2251d6d0651dc7af10f450a7a1 1580883326.320434 88 
1580883326.4221609 54bde01a2e45aec9f47777b3951257a54bb599c428b7dae40a446a90ed70e484 1580883326.4226546 88 
1580883326.5716429 cd2388db66567c16cb107b999e4c863512a0a7df6d0abb5ae34b27545c12aaf9 1580883326.5720732 88 
1580883326.5938325 de6153b562ed120e4758031ceadc22029a48cc07feed1c4616a30d0f3e721865 1580883326.5941741 88 
1580883326.5956478 3f76142e9666f7a5c7e114f0a8df41cec0f59c4197c7cfb91c1d634460891473 1580883326.596057 88 
1580883327.1315284 c5d426e480995a95d2b49e557eb88248741dcd48de22dd37192629f5773ca54e 1580883327.1319056 88 
1580883327.4959576 07643afc20712fd490ce5b5b5cad9ab14c424eb63e589890fdc7d307acd316f7 1580883327.4964314 88 
1580883327.748418 e9fd8f1cba5bc95c2710221a66f6e68eb5fb77b14bb4486e41fea86b7d804a80 1580883327.7488647 87 
1580883327.7993999 216dceac2463ee65aead16fb66ca505845df03dad9f8ab0c9815a98ec4283187 1580883327.799827 88 
1580883327.9257011 b791a3d104136ee073a94cc43e292e7dc7792eb4d1150fa53718ca3f9e96c1d2 1580883327.9261403 88 
1580883328.254118 54dc56f67bef5e27df3c0e62e7c597da7cd92557249956864b5b9a3efc8a1db7 1580883328.2546468 87 
1580883328.9098325 51135ae139a592153acbc25f315667a423dc38257f9a48e0575500f0ab4db1af 1580883328.9104226 88 
1580883328.9214978 5988fa7ff93b2545548ed7ff9b0df4811979b719eaa94633c497e060d816c83f 1580883328.921781 88 
1580883329.1353369 8394d51d07b458b0f41ea7faa80dc566d7a6310723dd20b340e2f4926a21e710 1580883329.1357105 88 
1580883329.2479932 e4ffb225aa7f1ee7fcbaee6bc27cea2eb322d9827a67b8ff4e55467c25baa165 1580883329.2483876 88 
1580883329.4570804 d6be4155fe01112a1d785da4ccc2c6fe3ac8bc35f6644f17455b64133e9b6f37 1580883329.4575057 88 
1580883329.6270733 5ed88938af021e8f35f33657e82785855783130d06c76a3ac5e957477104e693 1580883329.6274679 88 
1580883330.0655987 a62f03e09dac9e4de21cd59ab70915cc20ae072a17bcce82bf3aaad8e6f0388e 1580883330.0660164 88 
1580883330.1003199 df0932bbdf55aa6b701348b7d60b45de899506cf4abde5e07f786f91be3219f9 1580883330.1006417 88 
1580883330.223004 8c704e35bb8766d5b00afb3379e4129e882a7c1fc12227cf1c3c737d7d15eddf 1580883330.2234015 87 
1580883330.660105 0a30684f5356099b56b64fb9f60e181cfbd9e3aa7b76709e0706da13bc646d78 1580883330.6606064 87 
1580883330.6982727 ef66795a4f46abf393741661623862602ef415c9c9da43172d015fe99b38518b 1580883330.6986573 88 
1580883330.797033 da8750327229015d709f2fe5d101669f49ad7aee094433c5d695f1f5f02251aa 1580883330.7976332 87 
1580883330.856477 3ec934932dc63fef7d2452ace8f567d1346d97a114015d226a78cfe935eee859 1580883330.8569357 87 
1580883331.018823 ea13f6b5045c79521be10779ca729a00788653e1600a31b7d116bc5f2aa1532a 1580883331.0192244 87 
1580883331.2293468 38297a1ef5181622ec9e55c80173c72213acae9263c77dfb2bfc1f8c15995efa 1580883331.2298295 88 
1580883332.1088138 d7bd8b350c325f1c622069212dbddd3639d9517869909986ba827c5df6df2ec1 1580883332.1092145 88 
1580883332.761153 456bab62352122c230850edb53f38bffd7517e0d77a68827b0e9808c89b15306 1580883332.7616959 87 
1580883332.9330285 710b52fa2ad96f55fbabff50b5a7b4d0031c6c3260870d64644e768701308a0e 1580883332.933449 88 
1580883333.027384 e4d26a8b2b27384f82cefbf04a6265e7d67cd65a82b65a57e4280805f24238b0 1580883333.0286922 87 
1580883333.2005599 49cdc1bea9e1802583a944b278e72265babe1954f0fa0362e4f3e3483a38d195 1580883333.2010107 88 
1580883333.2779586 88a859e89e45695bc6e8546fa3896be02cc41bc1463f19e9d805c9800ec77bd4 1580883333.2784503 88 
1580883333.5893261 96219ec2105725e068371d793de1920d50633b4e9369f9bc5e0bc5c76e5f3eca 1580883333.5897498 88 
1580883333.9229035 ad99c13bd4cb18bd9d2e9f3651dc28374b638b4afc950a105f1fbd65f8a71fe9 1580883333.9233215 88 
1580883333.9381702 68601c9296fb64dd4cf6d300b26b7407821d57615909733b4348cd936ef5f3e1 1580883333.9385102 88 
1580883333.994681 f8ee2fdf35645aa4b06847946aee7d658acc8e127aa73c53c81244cebdd4aafc 1580883333.9950638 87 
1580883334.5145752 8e3c3e9111e3bf1fb63ca78d13951523934516dc81f55f7a9e0d6e97c775cc8e 1580883334.514972 88 
1580883334.7949307 17ee11d0ab423f48eaddeca1d7d7b7a24cbefe6f39f6729f83847482612cd789 1580883334.7953796 88 
1580883335.0904794 0804d6cb5812c0bb22f375413e87ec27349b14fd016dabaea807d45e1ccb9e99 1580883335.0908911 88 
1580883335.3842015 23de38b075170109c50bb8e319ab26d6bb86c31103c0235e7071bca4fdf9fb76 1580883335.384575 88 
1580883335.4451454 2a073ab827bd9bf131c4681002ec5c0395ee19e65cfeaa22e13916139e11959f 1580883335.4455087 88 
1580883335.7914052 ab7eb7eb66f7800efd42fc078140eccfe1be220a08397d3dc5f70c14284886e3 1580883335.7918274 88 
1580883336.2327573 e88aea36c25d0556188a7de8b722a686f68b009c6ffc3477526460563942d959 1580883336.2332397 88 
1580883336.2519681 927daa24b3d1ebb3b510e673f1d2eefa879368815e286f5b06405beabdbcf0c9 1580883336.2522135 88 
1580883336.5947697 8657f0ef460aa8b2b91fff1a5a88317f7d99ceafb7c937cdfcb0f0f437864e2c 1580883336.5951972 88 
1580883336.6607878 dd178f21eb8eeefd3297b8d55fa87cca93d313a2f208e79482fb3aa68708691f 1580883336.6611638 88 
1580883336.7176783 b5597bc637c240b7f0aa84f85fe465157d0fd256d48accbb214c661cf0ea9c81 1580883336.7180862 88 
1580883336.9953096 61831578418593813e298cba6e957894bdfee03b7b01fa89f33ea4edf7e0bb26 1580883336.995689 88 
1580883337.3586295 cc3c0469f7b7b512e67d72ffee327c9e9492f23a9dd99cac6b54c2332f56e19a 1580883337.3591135 88 
1580883337.4407125 9f779a9454c7367d9c8ee26683a3cb00a1b1535814f3b8f3139e5b255ecad5db 1580883337.4411805 88 
1580883337.7898607 b00efa247c9820211159a9549c99b5b09278b8f2b36cfe6b442c2ab944e78070 1580883337.7902465 88 
1580883337.8208442 b9471b774c3e54d7682ca2844aae11e6c9a716c4a46d4ca4a40771db21f1b875 1580883337.8212075 88 
1580883338.3101883 a672928054eba40d31c4a16e2728321f2c81440b296519a48bb126f2aed76812 1580883338.3105924 88 
1580883338.4910898 7b923ac01a7e8057f0dca266ad8def0701a7ab4528a13fc24f6b6e60773138e2 1580883338.4914737 88 
1580883338.6812959 1871871146179c69349a6df4384b15d3d1d751992d3430af32d2fc8f2d40e47d 1580883338.6817224 88 
1580883338.6953487 5fcbd3874f2ec4281e950a14d049041ed1c77b97ba06c87b2303059e9aa0bebf 1580883338.6955771 88 
1580883338.8158152 1533bf26ec9110d0bbc966e06ff0e88120645d1881441d67d0f2b67ae32945ae 1580883338.8161879 88 
1580883338.8482778 2e4959cb6955eb882a36b895a12dcbaa454deff9a87169c511fce75ff7f17b12 1580883338.8486323 88 
1580883338.9008179 1495244e64fea2b7c5b3230065b5949266cd7592f419b7c75aec949ceda60179 1580883338.9012597 88 
1580883338.9958735 847ef3c8b8f4f48a493f881c349797c6625b1be7968f5c6fbece7106ea84e165 1580883338.9962878 88 
1580883339.0219815 e4fe65a3f01cefdeea3363d16817f3923278c8f4d4e9f330e3b347dde693e87e 1580883339.0222998 88 
1580883339.2145522 72db75d5072fd73c89e42f0f9c7e40cfd8006b8790554d4d480cb2203b465396 1580883339.2149272 88 
1580883340.2418606 08c4a2b879c8e2fd40d89ae61309e9aa557ac6fe83ad4f41618ef41065cb32b1 1580883340.2422764 88 
1580883340.5411477 84cdc3a9f91fba87b5c484130fc128c1a96da3de542df56aa7f0b82df0fde7d4 1580883340.541557 88 
1580883340.5859191 f8da46c931e1b993c597a7022bce16c2b910c6e315d0095e640e4696ee116f87 1580883340.586317 88 
1580883340.9917583 01a0df09c8e08c13a9a7cca9e6dc6893dab0aaf8fb0e43a7bf22b54442421320 1580883340.9923105 88 
1580883340.9923515 e10e954f6acb69058f2c7705665bb421e2798259b3685c6496ec1692fd4994b4 1580883340.9925513 88 
1580883341.170971 2ce4fcf56f4568d96094b09a7976bc141ece34a24bfac95bb98ad8a6413332d7 1580883341.171433 87 
1580883341.4797819 8900a35192422bf2bd5e5301e0259d08801e4f0dcb34fc3568d69ae578619e3a 1580883341.4801757 88 
1580883341.5281932 ca6efaf3f45e13cccedbdf9fbd92ae2cff0e5586ecb9bf9bcc2623acb8c55441 1580883341.5285745 88 
1580883341.5565727 ad6514d053e22ae16f59bf14391823281cb76028c54de3e548db3e6c34f218e7 1580883341.5569506 88 
1580883341.5733418 4d60b73fc6999b5e882a41eee56dcea540dba094ccef7c3d07984351f2c782c3 1580883341.5736 88 
1580883341.584451 08137ecbfe1cb81557471d40ca597908731e52ea6f6c1ebd2cd1ae071369a10b 1580883341.5847723 87 
1580883341.5869188 44a7b5622dca79e45bc18f1527b60bdfb4b3f08bd1bfb6d348f06966c4738a71 1580883341.5871363 88 
1580883341.6414773 f5d1c600d9e63afda1b2f412ac56b60a83023b2c68e7da8f770c3e45b82a0c3d 1580883341.6419218 88 
1580883341.891874 002d04c5de96ee26ed9b037e7b3f84f0eb1470b08a252afa33ecbed4373472d5 1580883341.8922825 87 
1580883342.2664802 b5167c2821dafaa470bd2926f28c74742bc8de8a04b8c22540f7173e2c15daa5 1580883342.266887 88 
1580883342.8105361 adc059249951853a8f8d3c019e94d156af344380732d74fb77636691581e1090 1580883342.810903 88 
1580883342.8111186 e0919646120c62712d774d7c07ff6acb9e125809b9feef8b81726574b35b66ff 1580883342.8113105 88 
1580883342.862712 e531edcb0efabf94b1cb28f470c03fcc103142e903eef771f51b7e661d98c486 1580883342.8631942 87 
1580883342.9942968 533fa5d2392dc4aeaf0eec3dd646e5b4be01548f1041ff8ba294614c40da5c4b 1580883342.9947414 88 
1580883343.4017503 9c13afc579875232212051d71e399e04bc16f2f22ac645a9009f1dcfaa7ba740 1580883343.4021673 88 
1580883343.534691 c5f71704df79b7986e967bc86347e302878e57f1364fa41452cfdbd41f744660 1580883343.535082 87 
1580883343.5696456 9d6d404df684d8a4532937a90c02c69a7d5c81ca7a2747f5dcb97b372e37ad7c 1580883343.5700715 88 
1580883343.7407358 7f313450faaca4af539e796ad03db3e86b4f5054940410995643c6f467c20d00 1580883343.7412605 88 
1580883344.1750586 20466e49d8893d23dcd56c79e219de67086357f04a3a1bf90957c99cae017919 1580883344.1754904 88 
1580883344.4631755 98e6b3933bef2a94ee635f9df589a82fa106209e569e8ffc7f0457d27fca00ca 1580883344.4637268 88 
1580883344.6003442 6f574a9babdf65cfa210cbfc23bb68467ce08757ab2addbbb7b1e714aabfd32d 1580883344.6008375 88 
1580883344.7511206 3178da1b7687ab1a1742076dd265d6729a6f2426c95ec0450a40c4498cced88d 1580883344.751625 88 
1580883344.770258 2ea22c91430ab5c6aecf129a4e48a1e6e7004ab2ddf64f1a5de17e94ffb09d7e 1580883344.7705963 87 
1580883344.8418007 2e90f00b465a2afda794d13cdf55ed0a803a7a697134e76e43890fbd3cf64829 1580883344.8422832 88 
1580883344.869128 ad75fab2f0a2a868ac3a7ce92687bad85fc3eab8ca1c6c90965666f6ec74ca3c 1580883344.8696537 87 
