1580883239.9063535 a76eb792fd03fcf44e7d0bffb7740a12d03f88cb90e5864a0d2a459a29de2373 1580883239.906736 88 
1580883239.9729285 4db1336bbeff98600a00993bc94dddca3dcc41ee0492591f2630bb811e8d57c6 1580883239.9734392 88 
1580883239.9789724 bae73e8bf2433782566e573cc442383de84071ad09761a62743c44e0deb5cf5a 1580883239.979176 88 
1580883240.4058905 ea16722eb1dd8f2476a24880acb76ca25c6eafd265688c5bb86855eb745189a9 1580883240.406417 88 
1580883240.436888 ae804b76c79bce76fea5286524329f42d96747809c735d6fa5871c868992321c 1580883240.4372535 87 
1580883241.099176 4a21da61cb4b8e1b944742fbc2a71753ccfe85a08e18a530767f056e98487257 1580883241.0997036 87 
1580883241.7076583 09f6b7e17fb6515edbba5d77e294ab34293f62173d75537281692901f096d79e 1580883241.7082362 88 
1580883241.9442043 c31ef71755e334a77a73776c755bfc7d0f066e11b68a0522f1680d3c018b6006 1580883241.9445708 88 
1580883242.1166518 f576765bea37f18826f5df214b1916ab183f7f74c1f703a582f77cd8517cdef7 1580883242.1170602 88 
1580883242.214354 6b1b5152e04b5199d1c8f08277ab422ad23c4e73d674abf56e4540522b2718b2 1580883242.2148535 87 
1580883242.3785486 3b4cd6aafa2ba843bf3d84bef2824443d237a57bd0c5607cd3eb6816f848d3be 1580883242.3793538 88 
1580883242.5568576 de0aebec9eb181ae466bf5de14dc8a1ef6fe164441eceb287631f2a521d7f03f 1580883242.5573554 88 
1580883242.6245995 336fadfe9fea407630ba4eaa4d9633bfe6562fc5722f4f1dce032673f29c4a3e 1580883242.6250098 88 
1580883243.0938509 a131a204aae47193900776366e5899dc074c0720761d712fb142c85355a9fb3a 1580883243.0942667 88 
1580883243.166398 14e5b2a30d691537409a6950430b875623df6e17f27ef75fb74e8b5a3999d8b4 1580883243.166856 87 
1580883243.7952766 3ff1cd3277a84ceaf82b542ad58d949740d834d20c45dfc1ca6d4a8b1a2fafde 1580883243.7957115 88 
1580883243.8354244 6217967776952439122b9766078324e6539957c194e2715f0f38e3def8583f7b 1580883243.8358717 88 
1580883244.1267078 8c7be35a0961b3e2d0ed783cdc745a1967e90210e372e939ac5bcf3a4fb2769e 1580883244.1272078 88 
1580883244.5135515 a3668ae45d40a7d506bc80049401a84dce12a4077a7288f713c72dd8541944fd 1580883244.513951 88 
1580883244.6062598 127915a5b0d60e1fa507c729899508558821a9019d73aa22b5eddc920db6eee6 1580883244.606664 88 
1580883244.9605355 5e18cf8295dc9992573e7f740e966fb293cf77a3ecab41c2803b22f236a46d9a 1580883244.9609041 88 
1580883244.9631376 b2f5ec7fe04e20f0816246efa811b5dfdb729b06eddb1a12ff823ad4a84073d0 1580883244.9634101 88 
1580883245.0993316 a8649ea433bd6028e82011023ba0fd0c88fdfb1622e006b5da1beb68640fe89e 1580883245.099775 88 
1580883245.2649183 448e647f59ea725c5fb39be72ecf6827a1dad9739fd49b1d9eb72e2827a78ff8 1580883245.265329 88 
1580883245.5198991 9b783d1d35f7a0b8c4116417cf34a793be3d69254d97c73ba4aae07948519c0a 1580883245.5203335 88 
1580883245.6542387 f71e90c44c574f9d4cd5d243312182b9ccee35c7b0a127d781576ec8b7fcc9ad 1580883245.654606 88 
1580883245.7881787 86259ce5320221bb5db80dee4664d170a828ea753147275c56e2e2effa74f42a 1580883245.7886214 88 
1580883245.894181 3a3875c8dab63e0e77f5fbbce877c0d4327e35f2ac62b86476406e6dd8056c0c 1580883245.8946416 87 
1580883245.9312544 9b2bab9c9e4ad86212b2962b97c350ba4194357d0e3aa06f5587dfce39fd77a6 1580883245.931632 88 
1580883246.2684715 91ff6cb24c4eb8748d8e762adda4268252349e04d5de7258703336760ccbea17 1580883246.2689345 88 
1580883246.7600188 a08e18e934d901f9925bac6fa61970d738a7fc6fd55725d8428b3eb135a9b1cd 1580883246.7604005 88 
1580883247.3444185 703307ac3a57bca945cb1637c024bb970794f70b0b67dde909706069165d10d0 1580883247.3448107 88 
1580883247.4026773 165e2ef87fad5120a20b04ba6c955bb4d3517a20f1ad8c040112e228379ee0a1 1580883247.4030526 88 
1580883247.5008357 1052bd8b6310612e58589fcaa8e0771f8426bc2af1256d4dccb12d30f8b22edf 1580883247.5012412 88 
1580883247.5042515 31126f621290f578d7f1ce639aaddd2bd1dd4be995eaf79b0f4a72fd5560f268 1580883247.504463 88 
1580883247.6406174 9739c091abf894cceee56629dfa1f2e61f223291eaafea378f8e39632200ea32 1580883247.6410348 88 
1580883247.6774566 410f546a2acc5f7f0437be550e5ec219df9a1a6e29b718fb8ec2c69a2163f321 1580883247.6777718 88 
1580883248.0102484 ccd45cba9f7c249242409c2171a806d09a69d49fc0c14b4ed6695acd430d2afc 1580883248.0106292 88 
1580883248.1226358 54a519070b956d9e1f2f41c3022a4816407e3a66d3dca7ba6da6c0531672cd70 1580883248.1230145 88 
1580883248.1715 8d1444e670722733718dbea2aa803d4692103c208dbeb683216ac40c08ce6207 1580883248.1718843 85 
1580883248.2304406 3cdede08c5f399827558ad6cafcef094a666cce27d82356d13dd604a08cf1cd4 1580883248.230802 88 
1580883248.2345185 c6db4626d74a5ff860b8219240820e1575c9b6eaef6601310946cf36db3f2a04 1580883248.2347045 88 
1580883248.8218203 de78ebffc9e39e87ece6f677d3d4f37751d1150082aaac2ba9c1e22dec5e488f 1580883248.8222725 88 
1580883248.9948947 27bbb14d13692c6babc5f2ff5741a5b3929d07e5dc79dfad9cd271d81e0a4f03 1580883248.9953694 88 
1580883249.210316 aa6ac6e87366811f3b9c24da12ed85567e116a2f173545178fe208e8861014c7 1580883249.210663 87 
1580883249.595562 4ee2b787ac92af3aff56e4908a6db58498d648a2e474252baa967b93e962adcf 1580883249.5959227 87 
1580883249.67489 9ff23585213606c441b3dc7326bbb58784be4f44811b46563159a3180def1d11 1580883249.6752367 86 
1580883250.117715 76304165ba830ae64c55ee3230e00c6e46414723b160e943440f9727ade1ccf3 1580883250.118074 87 
1580883250.4852064 d6c2f922ad0bddbf06de15150a90ee03b36d3610e76d8ad58c04720e0d450472 1580883250.4857287 88 
1580883250.504571 14cbf5d92cdc1388afce0e4993c52916674b10b225d384f95a91877c97db1aad 1580883250.5047798 87 
1580883250.721264 e756861ae4ce798f0adc179bee417b5069c1dfdb21564841554f304772c301e4 1580883250.721632 87 
1580883250.8085887 764e08d8c5df98b47990ac8a969f67fbf3a3c3130a45846dc8805f02998ed712 1580883250.8089762 88 
1580883251.0470123 f59497e33de52ea1bc7c6637b19b773174264f941cbc2368d6014c5fb2a7c324 1580883251.0474024 88 
1580883251.2579114 f1fc130a10246a1c4176921338a900c38f37d15310bf26255240700ff9224f23 1580883251.2583323 88 
1580883251.36858 4d8e26dc1d77f8c11552cd97b8e88f081f648800ee004422eb9c39013b97be5d 1580883251.3690522 86 
1580883251.4580967 2294668b80470b6d2c84f1f33112f2de0a8591be4d31835ebe5e39f10c46b389 1580883251.4585319 88 
1580883251.9552147 7b83377d737004b704acf1624270b4ee45cd4c6853008f0ec06bd863c7ff6aec 1580883251.9557102 88 
1580883252.2506676 4d30610740d575ff0216aff267be858e216ac8ebd234c1a9e7ef7bfaf9f65d62 1580883252.2511506 88 
1580883252.2899158 21ba1fbb51e05f84b8c4b9dfc122827bc087500e7382c1c80833b57667d6ccf8 1580883252.2903895 88 
1580883252.5215132 d164480ed9d816e4f6d6499a174c1d3e8036f663db73553e7119871fb506043c 1580883252.521909 88 
1580883252.6773984 31316c8edcbc4056dc370af7d75ca7d19ba4c38dff1bc8f9f92675deec407e92 1580883252.6777897 88 
1580883252.8599079 3c24c6ae79f0c0eb009021259da6b62fce7cdc1f6b6963e20feed1a9451e26f5 1580883252.8604398 88 
1580883253.2299087 6cdb17417872f19c6903b279cfeb724d8755936785b55fab7f21da717b3c4152 1580883253.2302961 88 
1580883253.337808 fe07655e4856ecdd8c981455ad1b83a20424d3bac35efbaca29a48723361e9eb 1580883253.3381574 87 
1580883253.3656552 8f6b8bc7773ea2f1dce1265e15e12459cf0a5f22e8cf66ddbaac6b1f4f83962f 1580883253.365978 88 
1580883253.6297178 0748973fc6e894d88ee2b576dd5fcb6e78e16ae41f4bf0e190d9f3819a606c51 1580883253.6300952 88 
1580883253.7483804 f462c066328f87fe5704fa863201f5b3e582d07a42b5cea86474fecae79e818d 1580883253.7487624 88 
1580883253.7719688 85118004375aff60e8b06343dd4d58c1a939b043a8986eb80cd5802bdc7fd310 1580883253.7723212 88 
1580883253.8385198 1f5907cdaf4260c58eeb447f6dd3c1ce5db612fbf846aea386be2a1a040eb46d 1580883253.8388555 88 
1580883254.069641 0f95858ddfaf904f751f0052157acfa1249efe5bf0fe258a5358f8adeaf276ab 1580883254.070102 87 
1580883254.0818255 34fa1dc8ca197ae4a58eadda1ba7a245d4e292d117946638798131fc563c37a3 1580883254.0820243 88 
1580883254.2094023 31f4271e665aa294431881bb8d39199bebb99f9dc1a70e8a1a3fe37309b00f43 1580883254.209829 88 
1580883254.5323632 1e69e0bb7fe02995dc06958dcfd911fd0ae2808102df5cac9fd5a29e6dee3a6f 1580883254.5328655 88 
1580883254.7126513 cce0953cbb4dae0a424853e48160e52736284977efdbfa1d45e5390e85a78f89 1580883254.713061 88 
1580883255.1077237 97d434e8da3756101969c5c1f6a35ec738b125bece4c589c462dde4bb1b6c50a 1580883255.1081777 88 
1580883256.332389 55c0cb347fe019b226d59949897eba1fce371bfc3682e1b03918b17d2d7cbd09 1580883256.3328662 87 
1580883256.378023 4cb3cd64950527b18748fce0b1ee2b85f02c247bbc9ea699c6e5f77f2c12a8eb 1580883256.3784637 87 
1580883256.3896897 58ec58a028ae78480af28070c2ebda9c5aa4da1b53e7751961e8f3b0a140e69e 1580883256.3899164 88 
1580883256.4304073 433844388bfe2473839222a1887c242fd993b90e7bff7081ba85dc4cab3805ed 1580883256.4307582 88 
1580883257.2778347 dfe991ce3021732e3cbaf3c1f699e54d2cedb83dc6438ee67c87088b64742d7a 1580883257.278249 88 
1580883257.4588692 cf51961ad86d8ef842296a043ec7d2a80303c0826137ad3a5477b0b2018247b1 1580883257.459291 88 
1580883257.7223718 b775c40db2b0c5f183a8d4b97c72f4ecc2ad1d369c633447fbbc4dfeb1692a2b 1580883257.722745 88 
1580883257.8994212 fec0f0a9eff02497ecaf841db00dc9c8436564cd2f21ea337ad356cb955ad9be 1580883257.8999228 88 
1580883258.6289701 aea308eb5aa12ea0fd7cd9687cc07e301ab02ffbbb1d5eff33747c837e7e3d9c 1580883258.6294537 88 
1580883258.966582 4dd82f1fd56f1ebe9a5b64c4dc52f2eeccb8c0142453749c16338fb0d3c46cb1 1580883258.9670775 87 
1580883259.5448222 fce96f05b003fabf745f2d3da5f5693a850ef77e6f442e51da76f40b26c5babc 1580883259.545358 88 
1580883259.5797899 3be7bd6480b3cb3b06fbe376dba0ccf6c652ba7c37a162fc8794e63473ef24ac 1580883259.580174 88 
1580883259.7565696 ec7d06457bcbcbfff7f11af010363202f1817d4ed17bc8f02bf3be46cdd33402 1580883259.757017 88 
1580883260.0996015 b99f6c3603ab1806e227d69e5a6b61989fa05c61cb64f92e71a47d380e292b9d 1580883260.1000493 88 
1580883260.5802786 5f6d637d9ddc89d623d7013493d66934bb94b20f927251d18bc7dfd4bc2e0601 1580883260.5806642 88 
1580883260.6652846 2180c56a46a08a02a58f46565a549c67c1645332a9f560d1d0984f41ebbb9eda 1580883260.6657023 88 
1580883260.8809166 586c6a676ced31a98a4daf2454dc0846fa94a7416136dea2904058ffa827ed3f 1580883260.8812692 88 
1580883261.1657982 1fd45d0cdd97e68a8a8047a4ae6805d22563d9a66c5d9645bdaa95ebf3ffcdde 1580883261.166196 88 
1580883261.2753396 f3c22fb0482e0b38296b62525e548d5054c043cd0971aeb036ccd43792ac1295 1580883261.275827 88 
1580883261.3346462 16b3fd9ac9f8f3de136775f6c81cc628f979b3a07e514a316318e26926312827 1580883261.3350167 88 
1580883261.6810403 124cf9947bd5f9d2173aa98b316ab3b3649106a47ff7d8f72c86e6acb2c14108 1580883261.6814234 88 
1580883261.7943294 d3c46dc9afaea630b8b199ecde2ef88fd24063efde41b968584e249e9aa3bd13 1580883261.7946963 88 
1580883261.815527 8dff3ed013cc926db698cb3ebf51c7b729ea9fff8360f7dbe4d81c40a534f6a9 1580883261.8158586 87 
1580883261.8492389 31d3f89dc02914738290f98ac170c1f88a737b348a9faa478d8402fbf6d028da 1580883261.8496652 88 
1580883261.8945336 89d5e1af7157e9343a837ce19f6ccdf53c789144bc4b22c6f2d03ea9ed079716 1580883261.895073 88 
1580883262.043969 42d38350d8dff4fda4799617da446a989f7f633ab70f9f07458e6f14266f3e23 1580883262.0443456 87 
1580883262.1129127 40f59edebfdf1c9cc81ef2907d693bd4171ca40346eeb06dd1ed4d29e2eca28c 1580883262.1133275 88 
1580883262.1665363 30e247df12ddf8cca55f26efd3831c1dcb8fc151ce228d857ed7e18dfac7087d 1580883262.16697 88 
1580883262.3231099 d18f6a60cd73b76f65f384cc3e69a415964c3059d1bad822454a4bacaabdaa1f 1580883262.32359 88 
1580883262.6205287 0030223369df9127b290a5bf9b90e10b138bb989d4eee077f377aad621bb6204 1580883262.6210432 88 
1580883262.9372606 94af39ec1ccc1cec2ab040ba799f8afd1b993478f50e0936f5db96ba9e7f3cfd 1580883262.937707 88 
1580883263.50087 cbc3f33a13b4ed10478ae3a3ac0a0bfe8fcaa8be0df83892659c9b9206e63025 1580883263.5012634 86 
1580883263.543653 4b08bd9831876f37c399056da1584e5ffb156895b6a3955a77453a601309dabc 1580883263.5439863 87 
1580883263.7443237 4686aa229359a5678c5e3419f0c6416330e2319fe74ea608f37b2d1657bc9461 1580883263.744704 88 
1580883263.7909725 20f421413de4f07176511a7c62a98716a0cf3d0fa7d02ef89d4aab94ebb4b3c1 1580883263.7913296 88 
1580883263.9983513 e3fa99ad0404ccdd0b1fbd973f4f4840feeb5a548145d6e66abefe9598ef4829 1580883263.9987125 88 
1580883264.2331786 d4e916a5b6d5b4be0daa4cf99350fb30fc25a6746b4d5c1e23e94c0599203993 1580883264.2335694 88 
1580883264.3999343 e362fcec15c5612d5b05144dbf126725ca1eca1aedbc84de73216258ef3a3817 1580883264.400307 88 
1580883264.6797047 f7ffffe784cc2548fd02e69f94c3931e84ac9d46888fa1528d39e3431fc2b248 1580883264.6801853 88 
1580883264.8098762 5b11362d1c084659bcc2c8916ac41ee86ef54ca298b4e22b4ade42fd0f070df0 1580883264.8102603 88 
1580883264.8327105 84f36a9ff9b86ce1be3dc5ef365494ed27189bb0c76ea9f8eaf9af76195eb07b 1580883264.833021 88 
1580883264.9162576 bce0521f4daafe448cae71ad9f9e2258e7c6d93677bfe82a8e3d63eba98680c4 1580883264.9166691 88 
1580883265.151385 06bdbdf2db940113b513d4dc7175d5c382b7a6464a5437add65ab72a905b85ba 1580883265.1517353 87 
1580883265.4115448 967bec2423ed3831ed9cc3ce8dae30fd1eae318d9b811d86ab0249d0f656bb74 1580883265.4120033 88 
1580883265.5416708 80b6a652dcf9b9570bc9031bf7994ff1deb74dca751a56f842de26f0e77b8c7c 1580883265.5421176 88 
1580883265.581525 3322dcc8d9ef436c35081f006825d42c73ba84f9b93c1b144173ae5237926ab8 1580883265.5819645 87 
1580883266.1703997 16e11a26aebf042cd6b0d973949d56d68fd392af9c2f941236421f08bade7ac3 1580883266.1707923 88 
1580883266.2596846 9973e439feae745e2977209247d39a152a5ea1e3bf151ce8f352b64045b9228a 1580883266.2601306 88 
1580883266.4987817 81b839e26d0fc557290ef891e244def8c89db46ba29071e399b4044532c06fb4 1580883266.49921 88 
1580883266.6864107 930c46e19de1430bb1682c08202ce2d0dd0ec33c6f77691c62301a3ea90335a9 1580883266.6867998 88 
1580883266.7815187 d161889936ade4b4b4f537189f3d83d039ca9220f3ea021d460c62a99a52dd74 1580883266.7818942 88 
1580883266.8714085 c8f4973db53ea9dfa7360e22cb0e9451e5fff1a44658a5367729be8048d0f6c5 1580883266.8717935 88 
1580883267.3482857 c1c14bc06de3399d508ea99c9c1bd04e381c168c70a863193fd5d8c2f382ab47 1580883267.3488185 88 
1580883267.7417386 aca41ca3c5037ae6dc3c28784b2fd40f3d9f8154472a467c690f611cdffd08d1 1580883267.7421262 88 
1580883267.8255854 5b53bae8e61b585cdb9726443fbf9e67854a621a2511633c2eadb38992c8346f 1580883267.825972 88 
1580883267.8987684 53ce6a589efd3ec4edcc7b05680ce57e9bd598dbc922e903193be7efab492ff8 1580883267.8993387 88 
1580883268.1369286 84fb46f029472ff8359c714b8f19c512feae13fbefbfd905b41d5bc5b1b8a37e 1580883268.137883 88 
1580883268.671029 2cc23abc059fdb56aa4d56e18f7ca49718ccd1eb5cb39174f2b01ceca8d15f84 1580883268.6715136 87 
1580883268.834279 a7b2a93ebc34a242c29c5a76c5c56923e9954ab243b9b0bce962a70987b6e4c5 1580883268.8347795 87 
1580883268.8905725 4cf40eba7b9f0ebc10593b474324509a36a72203a9cfa4aafa8ac948b063a378 1580883268.8910365 88 
1580883269.2252786 5bf59f74ad2df5b4151ed00a830db5a0306b3ad5c3518b27ef3453fad55e4dd2 1580883269.225665 88 
1580883269.854687 77e1999966a4a28de1171958c2652a5e2cd554359b2bc412cd953bcf40d79bc5 1580883269.8550732 87 
1580883269.9660788 e6516a055db120b9b065bad07d43e7e2e15432c8e8851cbc0dc093301238ee34 1580883269.966553 88 
1580883270.074182 2eea9b990213825bd169e7f14f2c39f8ff1a0f09a32680cf6b4d3c22fdbefdb8 1580883270.0746012 87 
1580883270.3786466 d52eb3abe0a915bf1ed1dea9186cf465cf5bf524d7507066fa01cd541d1169b4 1580883270.3791173 88 
1580883270.4202523 395491987d87c50d257bae371ca593a7ca7f09142cedd92bdf1a7ba7c2c8ed27 1580883270.4206238 88 
1580883270.482999 745ab9f8798d0695fd6ecd51b74aa7adc6a4326dbedd3307303b76e8a0de3e9c 1580883270.4833982 87 
1580883270.5161383 8c0c0d2af4780f064f1ca045555b87aa2d8c3fac7612ede14f8ae280ae026fef 1580883270.5165198 88 
1580883270.6970706 912b9afdb4c9b7d16fafcc9de4ad0bc2cc424665daeb5794d275669ec3744e3d 1580883270.697526 88 
1580883270.7275276 9875b72eada3cb90974201b4254c60459d2bd5be519d17034f6b5c241b4d90d0 1580883270.72785 88 
1580883270.875869 c4eb62592d883c854e2bac6ea3ad3bb320718c170f8f7df942367df138237c79 1580883270.8762636 87 
1580883270.9467523 4867d2363c2352d8abd2b173eaa9c279b07ce68c44003312f2a02826c160b28c 1580883270.9472592 88 
1580883271.0772958 65b435c3a9bc012d014ba2a01ed77ec2d21a374e34e2ff1e3ea6c0f3d72c96d6 1580883271.0776742 88 
1580883271.3461533 b5e2b5537c38c149c1d1b76b0a91ef2ba968fb8439fda98eadfe0e63b911e34e 1580883271.3466368 88 
1580883271.365555 567f34ca73f8f226f21e273a2ae03af04a867f6e37b6a97fae6fd1374c3afd70 1580883271.3659058 87 
1580883271.5111268 a61500b1bdaa26c24d29b483fd428f0dbdae831975c040f9cac0bd7302e82816 1580883271.511509 88 
1580883271.675604 e8c8437f3bbd04440277312a62144bcad1c42d8f7ed2fbd951229346a116b392 1580883271.676085 87 
1580883271.7958372 e498b457ea801b6101e7d1c6a269073400ab5ef2487db3b051ba324afbb89ad6 1580883271.7962267 88 
1580883271.931109 f6556afb77fd073e899bd80f0f8022584f308bb73e351e42fa956eaeae0cb886 1580883271.9315395 87 
1580883272.4876232 e152ed11800088a381c6028cdacaba24f24b3d30a3bec379de4e6233de843119 1580883272.4880886 88 
1580883272.7417848 bc9306c6fdf596d42bdc90fad994a485335efbc60afe82569ec3330a0ac795be 1580883272.7421896 88 
1580883272.823402 4d12e44d3dd57d9fd6afca4a9359815e7c2f6f54ae51e09df3424e5f55dcf052 1580883272.8238144 87 
1580883272.9036558 f77122809aaa354dc7298d43ed0cf1d7fa8ee10a54bc6fcb8306f0788d9265e3 1580883272.904063 88 
1580883273.090072 9184e69315a067bf6f25fdab2a5b74cfdcde979f8fec080b0886a6f45eda346d 1580883273.09047 87 
1580883273.2082577 6149c3d8b521e08b0559bde460face565dcd98c93e08bf1868aca5697c3d8618 1580883273.2086093 88 
1580883273.2529933 d9f8e495a6f76d979b6f56e155228ca10066a40994a9ff5cd2549bc282d9be7c 1580883273.2533228 88 
1580883273.3547955 4699b1f26c2e17c4c14b4a08c45cd07b0affb2b8604b7aa24666b546ebacb980 1580883273.3552272 88 
1580883273.591931 fe01d0537377eed49a559c2cbcb6fd84ebdae59f90d143e5da4beea7192bdfd8 1580883273.5922918 87 
1580883273.9190133 cd809d8773b5e3ae5259b22cca816218aabd2bc315c0365088570ca601a02199 1580883273.9195275 88 
1580883274.210839 9362a446fb2563fe4d65503fa1f39368f5a1f4f49982632336e6488e4f9eea28 1580883274.2112157 87 
1580883274.4954967 b327f4caabe44b83130b30a2e07a0d4dbb167fab1912e8ce5a5a3feba50e8af1 1580883274.4958544 88 
1580883274.813238 d49a0186cf0f4b04c97674c095ffe562794d4def951d9eca93cd38784d2c1da0 1580883274.8136046 87 
1580883274.909639 0b9d43601c15d0fbc4da0e12ec793e66621e49c1c7f9d9becff38dd3c94bc9db 1580883274.9102592 87 
1580883275.1519368 a08727df5fe76bff15712b4559ef557bd2fd7aa4eb75660a5f72977ae7e5b786 1580883275.1523144 88 
1580883275.1811209 062a616eb0d29b50d2ed93676fb28522c3a963b52ae52f285c64c60bde9729a8 1580883275.181529 88 
1580883275.2472515 1daf394c7eeadcefc4d4b6b9449cf5297a9ee2803a348fc1a19a8706d52c84ad 1580883275.2475688 88 
1580883275.3026469 b14fee91e12bbeb9f3e07718bb337f4d9bdedae12fa6608ccaff3ea6d816da18 1580883275.303323 88 
1580883275.317912 20cd2b6c0348f47d1abc9bcd40cf98c02cc50ccf9cb2e30ae1dd5b99a4e7362a 1580883275.318223 87 
1580883275.503237 f593f55acaa1e0f85ef5ce5fd2eee44e33a6bab63114e48e41e71135e037b4f2 1580883275.5036561 87 
1580883275.5867105 9bae4de4da27baaedea86a2511452288a410b6130ded409a92f6bdce442dff8a 1580883275.587128 88 
1580883275.789368 6969bb2e0f134563bef8bbdae605f84ec5310e50864aa5271040c771ae443ac3 1580883275.7897177 87 
1580883275.912729 e4b72283318d4d8454ed98c0ce7c04a39a75b3e2b7d5f3f98f000eea0831e77f 1580883275.9131157 87 
1580883276.0610962 1d123247edc1e96d325a9493c9dd0fdde25a4b2ccf21c0890fbc5234a67b2d99 1580883276.061482 88 
1580883276.375699 fc660ca5b871fd755a737c762a91b89d75230e5f901e754e050b5eb903b710bd 1580883276.3761714 87 
1580883276.4220836 a72b970d344823566a1b1a7156d8b5ac1348db60713fae1dc90ee605e354038e 1580883276.4224293 88 
1580883276.4752684 398a6e0ded66dac560a269ed713861a9ebf8d14c14a38e058f6c3d2fdecc7a24 1580883276.4756327 88 
1580883276.6086018 5fdb9c91731551bf531da35954833e991f9d6abc146a2ec39681df555aaaa21c 1580883276.6089647 88 
1580883276.6695542 eeeff32b9c6d68d812dad128739b889823d2b1d6ab8ea1f6f31427ff49a3ea85 1580883276.6699119 88 
1580883276.733103 e3056fc5645e7962fe1372726573e4f67bf6931c678b6380b52d7995f0512ba7 1580883276.7335727 87 
1580883277.37485 6b430b1cbee74711b6fe2e8a1a6fee5519cd71596650870f8f3f2454932dce93 1580883277.3753955 86 
1580883277.5152354 d714b571fa68c2e686a114292ce045b83616679ef5adf39c3708e35c0431e9e7 1580883277.5156941 88 
1580883277.5756826 518a930bdaf0603e1898330af35468725a496c10f10b6187ac6e9d782357fb41 1580883277.5760775 88 
1580883277.5763674 13391c15db0f82c6a90fa11cf95fdd8117c6ecb1bc7e79607f186eb2eccba983 1580883277.5765855 88 
1580883277.7721894 66974adc480b871f494a6d42640e34c2191bd2474392a9182fd81af14810e09b 1580883277.7726538 88 
1580883277.9519162 790a8c9a99d9d4d2a2216753cf00a4c7f2d2b8c883b475f82ff7f6e6aa126afa 1580883277.9523113 88 
1580883278.1418464 ecfcf55a650e005c3071de558ce98281064bded940dca752939103afd4dcb6b5 1580883278.142296 88 
1580883278.1763604 3de5d1fa5a981b4aff0addca7a67f93a6206d51911bfa0636da1e7594ca7f4c1 1580883278.1767192 88 
1580883278.267803 43196282b2c25ea283c575f37b5a22ebea61fcb07a7068627b839233c9d9d652 1580883278.2683141 87 
1580883278.4287395 9f570b775ea4e146ccb5d633b6ac1e78ef3ad22b8ee157805a3822431888de39 1580883278.4291534 88 
1580883278.5488288 31beee55879787c173741b56fa733ded05c759263d079dcc01a561f5d9d67ab7 1580883278.5492537 88 
1580883278.5843568 4378922223094ca121479b5d52f8f53900cb6963baf4b24574cce707ee5aa1dd 1580883278.5847569 88 
1580883278.9863517 746abaa9f215b207c09daf0b618f223a02a5ee71fabf6e3361e1a87f3e28c4c5 1580883278.9870138 88 
1580883279.7705214 aa3b53ad17a5da760c0e40eba94e7ad090146b4159a61fe80b9974e53392a476 1580883279.7709641 88 
1580883279.7850432 014ea9a5586a2d3b0828680bc91eb53f7819647fb2562617c83c209e819bdef2 1580883279.7853017 88 
1580883279.949962 27a90cbaa50c5c998a794ceb217cf2c962ab3df0e229368a33c9125583a8fbe5 1580883279.9504316 87 
1580883280.2217064 bacf588bd3b79f8a345818031719caa0a36a0a479f1026d12aa948e3edf4aec2 1580883280.2222145 88 
1580883280.4110398 10a4a9b060e857b05e4bfe518abe209ae4d703fa70ec807270b2b2e77cde0c26 1580883280.4115007 88 
1580883280.4988923 423a9449bec08b391513308598a54e900895a627de26862d2be2a12e787fa6d7 1580883280.499296 88 
1580883280.7872066 6192201571d02450d55e7c233bbc14df67658890a7b5434b113760a09d4fa4db 1580883280.7875893 88 
1580883280.8398447 c4ba5abeca59eaee533c85e148ec4ed4994c2dbf6e597075990abc8525dd1e36 1580883280.840228 88 
1580883281.1844687 d44fa12b1b32581a3518161cc9a15c75cf4736e2272f321c4111bf46071b12a2 1580883281.1848862 88 
1580883281.2344055 60daa1c1f69026f1ecd7687ee05ece17a7e560213c61687df1cc23e684dcc9c7 1580883281.2347322 88 
1580883281.253618 0aab387d184ebc27f7c66fc71c1f90fcfee899f8371a5b1074815143f52dba64 1580883281.2538517 87 
1580883281.30114 24b90d31b4d667b55325fbe6b4a3963bd775afec5efb1600cf530498cc525182 1580883281.3015335 86 
1580883281.4500687 9acae709b15085274c0b5e9ecc443bfebea0f71c08d825c286b4cf7507dad788 1580883281.4505947 88 
1580883281.7627995 58cb674b2b135b4aee198e75d3289cfa9699ae0c25356bae1a205b1d081da26c 1580883281.763234 88 
1580883281.8218398 506de6e7315e43de81c71945f3493c7b2eb06a9ba73a2c7b7b7b068b162e663f 1580883281.8222282 88 
1580883282.1213815 bb60f1ea9c415e9ef57a4ffeaf32748eb1d5a7efa633e374220660e488567a0b 1580883282.1217442 88 
1580883282.4207344 e00c5992a896175177155b7e36544c81fb232215906647f3a9cb8a1ddeacf3bf 1580883282.4211388 88 
1580883282.6233304 f6c4f54465d6b47086718760abc4942e6bee7b48b6d31a04fbbc92acfc540aab 1580883282.6238022 88 
1580883282.7225766 3f722c607aef2bbf24e394cca9eb824e86387854593e2b3acf9f070a40086fbf 1580883282.723084 88 
1580883282.961934 596ad3117601c3737a7b65dd73a5a7aa5726992255aa549398491a1bab87e8f2 1580883282.9624064 87 
1580883283.2486725 8e5054c67459170c57407097fbb6fca56922a1be6f1ddafc8d7cb182c42670f7 1580883283.2490687 88 
1580883283.2512748 824f17f522ac8a487a78780158ab5dac51f17a366ae481a0220f843630be7aa1 1580883283.2515035 88 
1580883283.3847966 7548cf464880e06666c697af89e64381b94ff9bf2ba001e249d59b4b9461ef47 1580883283.3852592 88 
1580883283.8419166 816e6ae81f05fa3b184bbd3a71b83de006fc43d329cc50222d8fe7df7f50df80 1580883283.8422945 88 
1580883283.8768268 3d59489fc99a207352730d3fbd57acc14dd4e07410f09f7c6303266f9d1d13e6 1580883283.877302 88 
1580883283.9786186 7fad2052a9d795b314c99ef62177fafd15dc862ec7014d4627bc7c4fd0a14909 1580883283.9790134 88 
1580883284.1721659 1a40a11bdcaa151f20607a7b8e06ac0ded1b8acbb65ecce4e2e33da9be43fa3e 1580883284.1727097 88 
1580883284.2779293 4f43036c30eb5a02a7376c5566a576e9feec71763304194199765469af6ae355 1580883284.2783194 88 
1580883284.4218585 9db0a252dd946c4febbd97a091f4325447588514d8d3ca91833e7aa783ada3a8 1580883284.4222894 88 
1580883284.559704 cbb873795e1239d6b7521e42cc569aa2df4b2481c6022c329264aad864812688 1580883284.5600786 87 
1580883284.5925367 0c27507a2d5d43d6d2ea1e8d8ba67a368c4de04a9c52516f1879d77a347baadc 1580883284.5929618 88 
1580883284.7352993 f2b9f5a419e934b05fc199c8c21ab6733ae539ec6678422e1db88cf2038a7ccb 1580883284.7356942 88 
1580883284.7377925 8dcdba4756adc841ca9f5b2e89042e809dec3bcd316298406a05329d7635d265 1580883284.7380416 88 
1580883284.8290224 fefaf8cdd15c96218e48dfe3af1e1a49816bac3123550065f5f3605943d56605 1580883284.8294685 88 
1580883285.0662909 d904aef16d0024f918f8c217351ba04d47c03236e5a63d4ea12ea8d041e8a4f2 1580883285.0669184 88 
1580883285.7901359 d29fd51f13c3d09a10cc0415820835dc280e95230a4693dce70e7fe9bf11e12a 1580883285.7905698 88 
1580883286.015446 c1f56639ad6619a648091e2fea32e54b2f812a86dde862f6e206d823638a1fa3 1580883286.0160587 87 
1580883286.4215784 c234671cbe2265725cafdf98d85c65ecb5247e7050dd630ff481ffe78136cec9 1580883286.4220312 88 
1580883286.7632565 5b365f63e860369819828a8156d9c36238b628e166e7fb952c14a7778ebdebeb 1580883286.763727 88 
1580883286.7921526 81678da030fdf65f6241994f1b958071bdbdc08121acd94e6890012727bbb8b4 1580883286.7925532 88 
1580883287.0110476 47fa334bb1f5594f44d2b6d64cd7f3da03d54c3027bc787238e233c91fd7d7d3 1580883287.0115588 88 
1580883287.044033 0e4813d331b1fd5211ae1e2e8129f87c4e728fcf15ea57e1130f04d406f7e105 1580883287.044459 87 
1580883287.2415028 09632d8ececac049278a25432fe8e9e023a67e65b8ab9064c519c6381606151a 1580883287.241876 88 
1580883287.288747 5ad61684185b9892e34cb4f0f84659c36f5eec7e86afad0e32d1983f89cdd98d 1580883287.2892032 87 
1580883287.2946477 a678da1c10da31db1eb24948c8e925b045cb86b150e25f83848cc816ba666b4a 1580883287.2951171 88 
1580883287.6503353 f16a1a4bb5fbff0077e28dea74ffeb8d9b9f87aa7ce3868c19a12d75149b2e93 1580883287.650733 88 
1580883287.7325141 3b354d1d4f2039d87fecbfdb266deb4b1ea41b112250e26b6be38fbe488a2d08 1580883287.732975 88 
1580883288.093304 b203300e41483250fd7802a6492589afdbe98641916a4897eef60ac7a37fb99b 1580883288.0936556 87 
1580883288.1830912 09264cc0d11f6974aea460ad87797cb3ab2e9f3627c6d4250c680e2068fced12 1580883288.18347 88 
1580883288.5570703 67046ae96091ffb8c26e85a56105ca1254c1f79e4ba8cb64fd8bea9e9f771065 1580883288.5574892 88 
1580883288.7691216 bc5898ccde1f79c1ee43b1937cdf8c76b58c2d32e59c64bedea1687e952928d7 1580883288.7695246 88 
1580883288.955869 61ddc303601293fdfad36c0dff7cd3a85364ab89f05e9f1e17794d510d9bc7c6 1580883288.9562385 87 
1580883289.115699 187a2e05da709f2281d62600f760a75abc43de978d68dd2c5901f1ab7b8ab0ed 1580883289.1161888 87 
1580883289.1778414 63441f22188e6d2ee42a4af5d9d19bd12309685f6a2a89ca914b71f1a80cd3b3 1580883289.1782658 88 
1580883289.3423116 61f327605cc5fcffa4012012ab91d7ed382e3bc6d7d14286e24d91f4c731fcfd 1580883289.3428035 88 
1580883289.7415643 603d72f226b4be0f57196c7760ee673add4725d77df2f5200e159dbc49df003d 1580883289.7419298 88 
1580883289.8449411 f195b48cef3f46f8e00985ff7d29bfdbc6c7015c6fc90b1e8c3d5f01f5486427 1580883289.8453164 88 
1580883290.0236366 1cf337c6b6958277811753fa6b6f309c2fdb6e79a23fe4c67c3ec3d8a95a04ed 1580883290.023994 88 
1580883290.2082431 50aab1277a4c7923f81e127dacfb554d5da4899ea2768569fa0e417fc6bbd824 1580883290.2087946 88 
1580883290.3372838 bd4f974157545df67b98aa86070b795fcf87f3cddb3abf193591e0ae80933078 1580883290.3377259 88 
1580883290.4503431 4a44c57829157f17183b8bd147dea757e7652bdad6ccf6d0113ee974121ce25e 1580883290.450765 88 
1580883290.5267112 5bda8ff966d00812645b357ecb97e9a7dbd4a6814ba02288b32899a9edfab80e 1580883290.52706 88 
1580883290.5303967 fde338afffb1fd2283d19aed5224eee4484e99a39b8074d58b0c102c731e9fb2 1580883290.5305912 88 
1580883290.7362783 cfc7e7d5ba202c576d5e398dbb519bc3541314701ee9c227ce19fc0317d9c82b 1580883290.736781 88 
1580883290.7391615 b3a86b5c3eb3e6c9c851faa0c46f1ee0650398268a989b0f89b8ae4e6d9a58ab 1580883290.7393959 88 
1580883290.985871 c955d30aa506c4ebbbd881eccacaea7bdc895c9ac85c92043f4676369248f1f1 1580883290.9863832 87 
1580883291.1944122 d41900df3bf0b1ddc82dedaa2f971bbf4458e4c92ee11e129e1ece0cb1fe5bc1 1580883291.1948485 88 
1580883291.2421062 a3603b829f9f1758ecfb946770eacfacd33b644b41014bfd1813d4ede497daad 1580883291.242869 88 
1580883291.3431046 7b02b0ff165207f7379b4bc447919cf701dc6860ad8033a7433151b756d437ad 1580883291.3436368 88 
1580883291.4132133 61ded9fdd66382277e20e35918ea96243ce3c217f8833aecf7d8b9b73414cd15 1580883291.413619 88 
1580883291.5012946 40edda01a2244d874645f6bf9ea92a66e447011a3a37af3b75baf55a5029506c 1580883291.5018141 88 
1580883291.5252533 e9f16a33bc901822f7febed51e7f00d46843cfbf80587d34dce417c254c8dbb4 1580883291.525568 88 
1580883291.7155304 4e309ef589381bfe9f01d8b4a0245d259fb5451593f5aaeca6572df4b4084927 1580883291.7160232 88 
1580883292.3832343 3b0a29d65b338c3e1683318413560f275e5cad69099243166ff65a02562def8d 1580883292.3836038 88 
1580883292.3976378 633516fab212e0ee2c4e5731790c97a85d0bc0963e956eb737f53efce7558d38 1580883292.3978546 88 
1580883292.4017982 1965a8fc0e5b252d222c743fa31b44bc77e25ab43310b278045d6906c0425b91 1580883292.4020154 88 
1580883292.6139386 90cdb7c9fb3ae41bfc9dab138fecf08d43de3ee4bfff921bb362ea5c1c0ed99d 1580883292.6144087 88 
1580883292.8278959 07fbe57005812a8cc37cac35b0eabf308f5913a72ea5fb30b6497842008da49a 1580883292.8283849 88 
1580883292.8814673 c0841e0b780f5a8c5c8a7dc6f1d0c3a77685b3e0c122657df65de0ed69bf21a6 1580883292.8818254 88 
1580883293.4816878 709f54012421a6dc644e0e202ca60085c6720e1e5c91a477920cdee39e8ed6d5 1580883293.4820995 88 
1580883293.5022523 47ed6bf6d4e247ec23f8cd61e6d0328a5b95aac77b37523565d5d5340a62ec30 1580883293.5024755 88 
1580883293.958345 ec2d48fb0bf834ed99b67555d8403b900a451a6f6f438531f31dd8f20d25a24e 1580883293.9588203 87 
1580883294.1846328 f59427cf8dc5e3985327cf377050e13598c27eec242ff2f7098273ec13950208 1580883294.1850405 88 
1580883294.3335042 289048bb15367661c937caf9617504f9eceafb5044791af815ec0be89f2e3429 1580883294.3339276 88 
1580883294.507839 3e29c022255f080534b2b407560e91aeb28abeb1735caad546064f3a7e7e7970 1580883294.5082555 87 
1580883294.5763288 aa6fc4c564f0a39523124c98180646a4e31483ae9bdf19e18a19684b23f32fd0 1580883294.5767682 88 
1580883294.6726205 a4a0112d36023938ef764fd5f3f465fad70d2f28584d4b907a86e11e999c029b 1580883294.6730382 88 
1580883295.056131 d88d20463568ce202d34fbb4a4fb20ac23f364b98391a59929014c23b056d8a2 1580883295.056546 87 
1580883295.0838642 c084879c11b0696cf45775b36e23f01e038d5a6698184c181bb015455b7abc86 1580883295.0841653 88 
1580883295.2600002 8c290fbb30d4be4359b8fba6c26e21d9d059137878523bc6f0b1df80e6ff5993 1580883295.2604554 88 
1580883295.4134717 2023d098c34cbd5306202ea1eca0eb614b595f706bd72adf82bf96e625b08661 1580883295.4139457 88 
1580883295.4474247 dd818185c2ee22550676958aa87b4b1f3508123e80f1e6467ae0cfb4e0b7b34c 1580883295.4478364 88 
1580883296.0625224 a5960b66d840e4cc6c6c6cf648f113447b16ad90ee24aa4333070a7db9729aea 1580883296.0629957 88 
1580883296.1865764 0ab28cb4a71fbc2f61f62cde39ae67b7d9275b55ef38b4486eea964605de53ec 1580883296.1869695 88 
1580883296.26729 878e8abb482b7abbaf1a1ec626cc6cea6e6bcd45aa44bb216c0e442c91ac73a0 1580883296.2677295 86 
1580883296.7615423 5e8a2c7cebfef2bc194d8b5643bae789d30366a1cc4fa6b3db6e279ae72d377f 1580883296.7619472 88 
1580883297.5848215 ab7083dfb5eed5b0832d4cdad7dc20f50cf82cb2708d30084c30e9407e4bb4ad 1580883297.585249 88 
1580883297.8088713 29b9b121ea3c65f1ad517e6572cd45884f00495f8bb5560da0cb580605875e04 1580883297.8092506 88 
1580883298.0521638 16a4c88bbb3e4ddb9ea4f63992abeca9b56c8e3fb3f1f74b3df7f6e8c96aefe3 1580883298.0525887 88 
1580883298.0872808 17aac65b7f7fc5a14b31ba5bc11fb15535c6641034a7392a423912482b74f9f7 1580883298.087589 88 
1580883298.1584537 1cd5b813513a95469b8bc8ad040b574e504700ee92c19639a711fc6030498353 1580883298.158853 88 
1580883298.3034875 bbe1506f28398d785f464e5ae8320be08cceb4cd4056bf7547cec308a4843fb9 1580883298.304008 88 
1580883298.5256608 a391163f062c10f1cc2ce9751b0b8cda767ac3af9ddd114a9ea4b1633a4ccb43 1580883298.5261004 88 
1580883298.6226397 4e25a648042167c15ade7cb4f2329d184c452c67240a1ba97efc9944e535af47 1580883298.6230896 88 
1580883298.657797 c8fe0f5c9bc2e4f9c0e065db25efced25f3966c482cb5e4faca96c8333b99c1d 1580883298.658069 87 
1580883298.8228877 09a7bac8a025e2ec19c877df8ca5fc83e4ccb6efa2aeee8e3a6d6534b536d112 1580883298.823298 88 
1580883298.8351278 de399450f182a41e7832bd6ef70cebc4e16bfa7d1657464d85d718904720d457 1580883298.835367 88 
1580883299.0990736 df7e8d7f42f19af9de6aa9f1cb49b4e610e9abd11fa3f7815a12000b7ed66508 1580883299.0996625 88 
1580883299.391902 7480b514c5880ffe4190f70cf9d33bcdb033bb62fa72f5ee726015e7373cec65 1580883299.392294 87 
1580883299.5187666 8976974e8615168169ad9765ccc27bd11fedb158598df6b79f0d8a243f36c713 1580883299.5195768 88 
1580883300.2386894 28b2bb2f6fbb967d393f7060771dc33d78a0f2ca999b0b85c6a531bf28ad2caf 1580883300.2390833 88 
1580883300.5461454 eb8cd6f3145fd30453cc59e78fa9ed7f674768eccc10eb1bc1d41da12bfe1066 1580883300.5466063 88 
1580883300.8682494 0c3b1f9deb711b57aee19a8be6926e4e53db4117861a56d8e89045362794f5e6 1580883300.8687925 88 
1580883301.481742 a915efa14c466394d693a0af1585d3ed4380e021ae82a58f8de1aa3ec9b35946 1580883301.4821367 87 
1580883301.760903 c64d4c65b142cdb1817bf1293bf50fe2f1705ecc2ca139e6c9b11f577f71f189 1580883301.7614365 87 
1580883301.9078288 d9401b8faacb7f71873e7825e64cb71b498bd109963234fd18c89555a50cd207 1580883301.9082663 88 
1580883301.9787815 a483bb33579da1bfd958496673b79a98dc45c4b2ff755c0f71eff3d7c1a4ce60 1580883301.979186 88 
1580883302.2427897 9926454fc66c3ba1b26b2b2f4977a1b2a471ba7dc425b5db52402f196da73fb3 1580883302.2431493 88 
1580883302.3572009 f9144c7956543ccf858a1038b346195aea375503fc33cc997801a46176f7e8fc 1580883302.3577018 88 
1580883302.9246264 e2fdb18d48a2fdb33a53434f5ebcb6a19bd3a32ab639dca57485a4e660e78755 1580883302.925162 88 
1580883302.9508874 580722544e7d33053f520e4b070251a44a96f38237030ee4bb3d5a2b1ffd01f2 1580883302.9512126 88 
1580883303.2804878 3257e364c8ec28bd83e3acc2576c906f8ff8944f9046a44d986f101d9ab6c48d 1580883303.2809727 88 
1580883303.3069706 d60847a0ac4b89e62a4187d931a6826c34b5dd26e7ca9fa4b35e2251d5943df0 1580883303.3073387 88 
1580883303.6832802 d44051c61418b511f6099e5f1605c3caf529e535cd8e27e3b5b1ac2495edeb6b 1580883303.683681 88 
1580883303.7375364 a2c631cb9c506b2513fa0523c5d8edf5c033b2785351d0e58f59e5ad4d8f22bb 1580883303.7378767 88 
1580883303.7865274 b494c75f8a786697d1f1875c104b5e6e49c0f750a6c7f2738debcea8dcd67056 1580883303.7869463 88 
1580883304.1921484 7fb982a7d2e5992f256add3c8c796cbe35e1345c0dcb5795847d6261bdab5819 1580883304.1925642 88 
1580883304.3938212 4ac0f83411450cbff564e3393d889140892adf9aff7294f7a253de726d9845a8 1580883304.3942223 88 
1580883304.649474 b2ecae1cb011ec173144e5432aa1eb84c6a6364dd0e3a8e33e2bc6c0ec3acf2c 1580883304.6498997 87 
1580883304.6875823 897f32d7abda5a2c9dbead8e83b8431d9d6b4c3b349d95effd9953294a65cd1f 1580883304.6879556 88 
1580883305.4294527 e039290403cfd85600788dd57ba32bd101a29af3ceb81c057aebe143a9f8c2d4 1580883305.4299374 88 
1580883306.4493947 7fc311dab80ba05020e6369ac00fc41d8e57d7d646d3ba893c049cd1308682e1 1580883306.449877 88 
1580883306.7021735 02b2462fd70c49cfca833308955e9a80b305ee61bb5e97ba1fba807b959a4c82 1580883306.702562 88 
1580883306.864175 3795405c7757de9d9eaa091ec2eb2868c021e92c493381a72545aa9add43e050 1580883306.8646107 87 
1580883306.9542842 638e10f07e51608ff8c0cf0e4625307281f520aca397edd8ddaa35b1a3f67834 1580883306.9547534 88 
1580883307.0166116 1446de57004466c6c8f81c2de4e3f9f081fe0c7320b99d9e6cd3fc05afddddd7 1580883307.0170803 88 
1580883307.1552837 4e0df81bd6aee095ee872a0068922c877e19c98965ea35068193e6439aace0a5 1580883307.155663 88 
1580883308.1735 849b247185cc9818e493b830e23d129ab5673a687deec3d166bfebf3a3fc6fe9 1580883308.1739862 85 
1580883308.3255155 1527736cb85e14ff73ff1a7cc9b799103259930b1e9c4281a1e47a9b39d34bcc 1580883308.3260107 88 
1580883308.3709905 17e2ef70ed96a02a01fae898b113dd6d1bbdb8acc6c8462163693a26ccca92b7 1580883308.3714745 88 
1580883308.8255463 5b01d1d196dcae40b5c62b973c35d91b2c542662c6a01ea8b88e2d3328f8e206 1580883308.8259385 88 
1580883309.0822635 811cdd5e05fa3babdc0cb3a090b23e45cd8a9717106f582935bad6d3265246fd 1580883309.0826652 88 
1580883309.2027059 118ce964ef08d66661ee712c7ca705d0d26ffee0a80ccc9211da812206e7f6be 1580883309.203153 88 
1580883309.5315092 71e9b75d0b73e1c7c52ceb077b7764dc1543c9ee6d69167ade967f4ec5eb36f3 1580883309.531907 88 
1580883309.7238226 12f4d93b4fb758f16b351aca3f97542aa03cdff0bb8c13348945557d63c1738b 1580883309.724237 88 
1580883309.7940052 7243725eefb9f3d7f6a415c11e06ee6063df9b5efe2af8275037dd66c682012b 1580883309.7944586 88 
1580883310.1694274 d6f1ba288d8c06a41dea15a19a3702c10f05e1594f8dce73b34068a828582536 1580883310.1699357 88 
1580883310.8355973 299fdf2e936c41b1672bc75557db3fc95dc0ccac15e5c2d353c70090be155ec5 1580883310.8361344 88 
1580883310.9038615 1d482b60bf07bf7e2eb4010ef07357beb84c9e73b14ea1f2b9d811ec3c03edb3 1580883310.9042895 88 
1580883311.1730058 d267d57e9129db9a70eb7c285bb334f4fd4fb742e255fc57a2a84e850ea1cfb3 1580883311.1735342 88 
1580883311.2329488 0d3bac9ecd1f28f7dc917511841de66efbc7a5c6336133463915a31f1190e81b 1580883311.2333605 88 
1580883311.236325 99a08e19377390308e22aa5dec5221c21214b1fde0608e77d372838ef2f0472e 1580883311.2365487 87 
1580883311.6627743 94bb61c41f610a87709e0f8cd6c36f7d4007b21a2d1b2cbf3abb53e595e235c2 1580883311.6632755 88 
1580883311.7164066 0d6be30d9cd1d5292178e911f292eb548052b91f9192394e4e00c22b71467385 1580883311.7168555 88 
1580883312.00931 79e5755fe0af935b8db7845cbf07e0f2ae9bf5d51bb9114404efaa7e6b544a05 1580883312.0096827 86 
1580883312.1575356 647e073790556c16befe0c43745d53ce3d9576f49a55b0d3360547e10655039b 1580883312.1579943 88 
1580883312.2330852 55ee146db10b9cfdf7990f777fe436f7060730a71bd3673796b30cccd5d2fd15 1580883312.2334702 88 
1580883312.507309 930e0e012b9733cef890dd107a341a948f346120a8973592f27075e336f11148 1580883312.5077069 87 
1580883312.789446 4a1faa4eac9373ed23ed08950cfa3f47cddf4a192153f8792db1ab432182d130 1580883312.7898657 87 
1580883313.1733837 dc7053d3b423680270eaea59432348dc7f96d79d34472c757d37510f1ab33d68 1580883313.1737552 88 
1580883313.331108 dd240a77a7b9822e0f63502cf2cf1ef1700f6984250b11b5fda4b618e502f67a 1580883313.3315477 87 
1580883314.0181046 bb78f5822fa7614792040b8f7643ac73d9b03405545629623e461c558ded7703 1580883314.018525 88 
1580883314.2568605 0ea85a07dbdf32dc0f6b80341f954e1a61e71916ba66ad57b3a7f74d4f85ce5a 1580883314.2574492 88 
1580883314.373822 0401de61cb3c8cbb61743c7b2ecdde364df4e19bcd00308937ee470f51a5a634 1580883314.378495 87 
1580883314.7922554 8dd24e49118a08326e9d6b2e605b03bf45fd415a40870ab172067f430273423c 1580883314.792675 88 
1580883314.8001115 6941301459fed82416c8c8dfb234e0b06754522e481f959bc6214e49b4537a85 1580883314.800611 88 
1580883314.8799973 bdc2a69bd2adbb4a47b1d626e0e45cf5aeb182d7f15719909d4bd4249b98c268 1580883314.8804202 88 
1580883314.933878 239690fa55619b1ad8f3e8c6afa67dbb969b3093cef58e6b7729e93af4cc5489 1580883314.934405 87 
1580883314.9931555 3f75747b359f3df707b60cc9e2144251a319fbd7362d90861631c9637b8b3721 1580883314.9936347 88 
1580883315.1583383 48da62cbb8be37511d984c11d9223db3eb3a99f62a625732dca6f2e6c000ab21 1580883315.1588063 88 
1580883315.2826204 477aa1f9b1a81925c5f571e5ea3229e0ac5761f6b15e86b61a56be0a7e3b216e 1580883315.28303 88 
1580883315.5255647 1ac7867337220a96a4c054341d6753a18fd667bb2c086029e1f28905b81dc41b 1580883315.526084 88 
1580883316.086337 8ea43da63a6516faff45874e8dcbd56d885392ab39cce004b029842b87104299 1580883316.086867 87 
1580883316.1044269 48fb53889566b490e90b2d6eb4af864a689f929f018448a4f5084eb05d5a0c4a 1580883316.104783 88 
1580883316.334149 619493766ca419b7b45158e32280abe52292569bef417a2e3dbefb9897eef8d6 1580883316.334731 87 
1580883317.1718135 cf9b88ec74812c36b91fe1d30459bb11cd721e363ad6a679c40bfac31386ef06 1580883317.1722167 88 
1580883317.2641826 9b122eca21a4c5c705c7f8a6e7a2c93389791869d3b405352c64fdff94ecf2cc 1580883317.2646677 88 
1580883317.2874568 510a35c296ba7d18239c27eb99cf06fc0542a39e50799386989dc4c84b4b51ce 1580883317.2878056 88 
1580883317.3382149 9dbbb2f98753b9b3757eb2abe44777c372216740a17a0c79272c50a538373d96 1580883317.3387003 88 
1580883317.3976684 f026c9e18dc1bd806784d1899f52b9b50e8e486939cf6a7f9d6bce3e76b9b54e 1580883317.3981395 88 
1580883317.5734615 3b4564c578af8feb9e6682922812c8fb50353a4f8268137fbd3e6c0f0e52403e 1580883317.5738287 88 
1580883317.578014 a60ab884512f86e08509f39efca5fe699af28b0759a1e9c7f7a542c9b0cc4721 1580883317.5782354 87 
1580883318.847119 67c5118046a6914f5df4f54020c18c51a47f08bba7aee331979319cf743e1d69 1580883318.8475554 87 
1580883319.4464824 b26f9c716302486c39b09126809a3c1167b7c748c1646278623a40c809308998 1580883319.446962 88 
1580883319.454849 1eded006a5c915417917a2c8f47cb528f05a0d1a88008b763702da1c15c31dea 1580883319.4550812 87 
1580883319.5895896 53b2cd5cdc45537fe2e7a5c6f03c0daef01dac861d4b8feef0a19c5eba07f1c9 1580883319.5899758 88 
1580883319.8194716 068c9b2fba2a4e0a81138fac83c1defcdde04fe115966d8373acde7c661e07e1 1580883319.8198638 88 
1580883319.8630567 efa6f6b5a459cdc19582620447376fab0fdaba4db087f648da25eca99ee402eb 1580883319.8634176 88 
1580883320.3935108 81ce9bc61c72fe675389b503c11b3004db43b6436265ea14a487567e32e40a6e 1580883320.3939712 88 
1580883320.4319127 86a13b0ae620271532522bf8bd8da63774c132202404c69020944169f5c5b5bd 1580883320.4323132 88 
1580883321.3880947 44289d74abb59bd513d936a776dba88de2494cfb96f5314e072ad68d256700c0 1580883321.388475 88 
1580883321.5498626 502abed9d4e1f284fdf78fea23fc5f2c628eeb0a8cabc1b8b9b95cc9ecfa66c2 1580883321.5502589 88 
1580883321.57208 2d1378f0ab00eb494016908ff5e508c594176365b39853b83a193080594427ca 1580883321.5723886 86 
1580883322.0360253 c3f42b3e3236227dadd31b969be5419b4777c28fa47735ea5c599efae9596825 1580883322.0364287 88 
1580883322.266478 30801f83d015b162b35f6cc4993cf4072f007a718a9c435167640ab2b8877ea0 1580883322.2670236 87 
1580883322.7882826 062f5b5b88b2c91b058d5eee051a4cbbed0c7930e788b5c1431ae6dd872615dd 1580883322.788707 88 
1580883322.8334224 b2efc47311a828d21301d83368e9708cc5842acfb085ed5dd6761ba0424eeecd 1580883322.8338366 88 
1580883322.9681098 bf71faa75071c24a2cd7505b8a5dc0eab7bf7305af0c6953591fc8293e778aee 1580883322.9684882 88 
1580883323.075275 569092e7cfc230af138fbc2e5b3e163ff8f47e276bc67bdd2f4959f9317dfaba 1580883323.075663 87 
1580883323.8875399 357ab3e900b5028697274ad93a827b41796b74ed20c150e46fe49e74e47dac58 1580883323.8880556 88 
1580883324.2415903 67cf32a47bbe3554e6757c51c03b39f07db094c90c0a8865d6ba0cc9ef31d1b4 1580883324.2421634 88 
1580883324.462405 2176b9fa54cbfb9edb18d5da2b35f700a653a21017f3c86b2cfa899d80cf23b3 1580883324.4627764 87 
1580883324.6635628 2cb8a2a8facc319a95a0a260ff186e78d5f5ef1ec1890fb80b1ca2c9d75d5257 1580883324.6640735 88 
1580883325.0694625 d1d35208ad3a2fb236a3bae56704a52eb94cf54f2697c51d58bdf52e0662e505 1580883325.069842 88 
1580883325.0995889 e35e1b4284b696b7e6492b7c2e3737b6e9ae8dac66e294d01523a2df701fe9d5 1580883325.0998635 88 
1580883325.1527283 24c6b1cdeea2c746391705bf9c08885e843f61384266395ee4e7690eadbddd6c 1580883325.1531777 88 
1580883325.1711082 38696eaefd908cee1b93fdea05c70b613fa00d1296b98ce6459a98ded6e0c64b 1580883325.1714563 88 
1580883325.2632656 17d4af863ffc615baa38c892133faa952ca1107edd6d0184e7a94ab123a0cb59 1580883325.263646 88 
1580883325.4631855 fdb846766a3dd0297b87687794292ada2301c075b9e1e486b05fa59d371b6b5b 1580883325.4637508 88 
1580883325.4636157 c1d22ce8cb3daf3a7d868819091c5afe28edbc01a05c51278462f6b47971535f 1580883325.4638577 88 
1580883325.488106 06283a364f938f9bc6dc7717d9b2605e3cd77382d0097a392a1df14ff6f3036b 1580883325.4884486 87 
1580883325.5273314 9b7aa4a0987814da696c993fe506f56c8259226ca4c8e45a4a1bab6b53d09887 1580883325.5276954 88 
1580883325.5783017 c7f2acb93db22180cacecf1a4e7bdffc81a52f36211ad04d7c0baacbf179d8dd 1580883325.5787346 88 
1580883325.6336327 52d545b97b02f107d2d96ce2c21392f9fdfa03a567dcc112f158d80f30d270b3 1580883325.6339967 88 
1580883325.6468625 75dd6b9454b61020d24fd173a2c95e5b1b7e011d84008cc6ddd76adf6d0bde5a 1580883325.6471262 88 
1580883325.9561872 a547faa55e35b741b88c2113e427ae9ec2fd8e1b854b42ab62dc18225b8058d4 1580883325.956604 88 
1580883326.0108852 e957c2fc259c19721f22bd9fdd6f3f92a41ecd40cf67a93938f892bb285b4524 1580883326.0115275 88 
1580883326.0994556 c2eebb4e191368c1b2822049d2a39e69016e2bd81443a1c1d0b8aa738aecac6e 1580883326.0998833 88 
1580883326.2878716 ad007558d91dd64e9b75896edc8978606767f5fbdc8e8fa2a49ee9a329c6f690 1580883326.2882538 88 
1580883326.4506657 6fe4bd9a82e13ad43c00a7249021322d4f5bcf1b2445a2c177eeb5cc12b79d97 1580883326.451183 88 
1580883326.5263307 89d53027629beb1c2cf7396d2be8b7d5b02ddbc6a67c346692a900e876c13f07 1580883326.5269935 88 
1580883326.5465064 2d8a96130307010df3bcc3ba94397fc1b93bf45e3930c6b85780a4ba039eeff1 1580883326.546949 88 
1580883326.9897273 29d1546dbc0f8aecb3b67dcc915c90485822c97b86b3cca8612d712b8a912d39 1580883326.9902155 88 
1580883327.032762 d0b739d8f071c4a41324513254cc2222f15d638dcd391a04cf103061a04dbdab 1580883327.0331256 87 
1580883327.0729282 599d7a0c9043bd0fcc04848673a91430e5dc5eb944536b44c45e33f2ea702d8d 1580883327.073273 88 
1580883327.1163502 cedb909bf55313b2477133db47873e6fabca106edb664759b225531493ab522e 1580883327.116799 88 
1580883327.4245207 387d3636e425d2c9696187527c4650be66d5c8a485e20eb164d6817cccf7a8b3 1580883327.4249947 88 
1580883327.4374433 35825bb468a40b7731c200237aed736b0e6d561d7ce2ae2bc0d0abdf21e03137 1580883327.437711 88 
1580883327.59031 545823194d5104d43248cf0e69c219ed32cd32da391c2ff5684e53c3e253471f 1580883327.5909295 86 
1580883327.6355174 0db222f20e75c38bfab4898d1ad80a9b0368d53011e35ef48c97175f7b971cad 1580883327.6359491 88 
1580883327.7191982 0891f8132facb26548f3188e5ced89ad05a62e2c4195453030505831d3f92f62 1580883327.7197015 88 
1580883327.7220242 15f4457bcc5697dc40f7d88a167ed7b0ec27504667ec14f201f0797ffbcb9df8 1580883327.7229893 88 
1580883327.7658803 b97ad202747e1040f91c4cc292c7f6dab7c66813b57d739b82296c37e15bcf95 1580883327.7662497 88 
1580883327.8401492 196cef048e8fcacf54abad782f9ec5686402cbae5397450e09dc9ded81e14a1b 1580883327.8405569 88 
1580883328.0293617 0cce96c9d2c57dc4c4f042a6f3a7cd1b60c84430b8a4aff34285cc99b59d94d5 1580883328.0297842 88 
1580883328.3516939 1d58966237d60d24846bb3cfd09f243228155ea5678f3a599f2a75606d1e0a8c 1580883328.352227 88 
1580883328.4672668 c6446c7197add3aab61b9b324caee8beb4ec86689fe7ca06ab24851cc94ad123 1580883328.4677517 88 
1580883328.6309037 8ac6bc1f1ecf5b5caacf2ac9f6d0129e8f914ffc4f38d0b392973986efcf457c 1580883328.631365 88 
1580883328.6491292 5ead9cfcf4aec7f0cae7df11b3a85c18ebaf2c2c2941c3634cfffcb0c8e88019 1580883328.6493993 88 
1580883328.8016608 e5545e1e61317532976dbbd9377ec805e024e12c7e918492fe3f8b140ec91a12 1580883328.8021107 88 
1580883328.9620795 383576b4661b2f47cdceca183f4c6bdf96160a204350d0192548d2d190ad4bff 1580883328.962584 88 
1580883329.237402 f0cfc97aa6f2957c4f9102d5ea437893e22314dfe86e5b5501aeda53eca8ce7b 1580883329.2378867 87 
1580883329.2433043 1a5d7e516249014c53d07ea497d999ed0b1914d83b65dc46382a9c78f087b819 1580883329.2435145 88 
1580883329.2506437 edb32f8d9747995e9b24f63bee5b95d2b5109c864960223ef02452328a3600d2 1580883329.250872 88 
1580883329.5899475 2b1e1fce1521a237eaeda665181aca24dd7fdb5070dd43ccc5d292e84f72781c 1580883329.5904021 88 
1580883329.745381 cfc38f6912c37274a08b2d91e250a3263b9006303f1063865b71a9934020f35a 1580883329.7458644 87 
1580883329.7564843 2d4e761f9a0c72fc747b31da4dcdae50e0fba980f4431c29fa84034c114ce00d 1580883329.7567413 88 
1580883329.772797 763da8efde0471788e401847e74e4cac9e83aedc8208d1e34cfcf30785a73151 1580883329.7731092 87 
1580883329.8302643 5c7d2d32832cb2b31ca563e843cf9e242fae9b8a0d7f059435f52988429c27a8 1580883329.8306713 88 
1580883329.998386 293d1a93603d3ce8ba3b5390b997a1eec44040b3682f2aecc8dd06fe251e75fd 1580883329.9988136 87 
1580883330.0337715 79eff17f58a9b4a514fbcc3420a8181f741d4aa941cda80bbddf291da920d30b 1580883330.0340843 88 
1580883330.0963426 cafe2a5e3fe6bc619782c6858833740a51c9acf872c621c0f32b99df165aad6f 1580883330.096731 88 
1580883330.19001 1acb7dc4d984043dfb791a82c895044683d6f102a4c671421c2370a4908d4143 1580883330.190486 86 
1580883330.3190663 c88a0adc17345012aade91742f6fae6fc818ed7b62b1c021a0289f3a8263a419 1580883330.31962 88 
1580883330.3202977 adf34e59d352da30853de44e226e7610a256a5ec2d9374511454103be9fc7761 1580883330.3205109 88 
1580883330.4569952 912564794dae708f2681cd0926bc16e51c1c2c7a62b6dd50fe7bfd2dfdc2929b 1580883330.4575174 88 
1580883330.7203197 cb5401c0029d29e5339b4bdceeabbcc4361974ce0ef7c1e81693b9fed89ad992 1580883330.7207365 88 
1580883331.1054678 631d850b1d315e5e1a30da9a027c096d4670efa64a27000235976459cc4b9679 1580883331.1059191 88 
1580883331.8400013 d4f5fd7caccba9a1f6e99f710014e7c9f223f7d1756fdd2f861201447f9d64a4 1580883331.8404589 88 
1580883332.1014981 701e3e64c2e7eb90ab6c1094d7632006c7aee8e3a848e46f0040cb0433afc7a9 1580883332.1019726 88 
1580883332.4659138 302c5d8e7a292737fc4a9f3d156bf5ae400f5ecd3c081ed816fceb02dac89861 1580883332.4663389 88 
1580883332.5176842 b7c47ea3d5932d17fbd882edf47ac53ec3d010c704034605e083cda567e9f316 1580883332.518138 88 
1580883332.708198 d36af5b043ac7be02935a86ff528c8e2924627f247d23d3f002adb5dfd38da4c 1580883332.7085874 87 
1580883332.7897775 a244d93a5ef6dae9c7f6a22a69997d651d4f507b2fe206f6f7ca6428f277e9ca 1580883332.7901783 88 
1580883332.903053 6beb94a80d79c65dc832e2381d1db06a1991e33d6e5907711be1e54d8ac3ac58 1580883332.903491 87 
1580883332.919313 c2e084f65e47b7e2e889fdd57a68e5ffbbbb0056a42f532fd01159f409d258d5 1580883332.9197278 87 
1580883333.358944 a4596e4f8f2c1c91a5083fd38638612af3a24b70682319835b0023c2bd925bcb 1580883333.3594732 87 
1580883333.9729133 b663edb5ac73277f44addf6ea680b1e6871e5c7cea1356ae230d7b2593b80d0f 1580883333.9738097 88 
1580883334.0327222 7851fb9517ad6023d62a2d20034c43a554675307704e26aaa5d6337d213ac896 1580883334.0331302 88 
1580883334.2215614 a03f9275917cc26c382b46d51e23f606565489e37b7ff54de49cb12bb990c634 1580883334.2219605 88 
1580883334.2884734 85bf430d3dece084c76cb6076641af351bed19a89ad72302a2600ff7fe07abcd 1580883334.2888381 88 
1580883334.6625707 7033a9825235f386c7b7a41d20056c0ce7fcff022703607a1ce86ef812eb82e1 1580883334.6629596 88 
1580883335.2732635 c28fddcb06402e8f255dc80dcda8330cd597e892cb2f7639e561c777abe6e1e9 1580883335.273657 88 
1580883335.2858655 dc884ac21236b701a1439834dea89dec1c37f849db0d4bfc7f6b1793f516b316 1580883335.2860842 88 
1580883335.4825523 ea958a66b22ddaeb153d7de91fece783cbb1e9c6107d8b401d91db2fb3c468fc 1580883335.4829588 88 
1580883335.5512645 f3d66bd04986636765d0544b6d47d73cb5799d66913085b51cbada25960dfdc6 1580883335.551703 88 
1580883335.584246 1f03c17539cba5567076e1bb8b9c9e3cc7b79a9f3401e6ffe2ef1c1e54b02b51 1580883335.5846617 87 
1580883335.8453517 6a8f63ed8be8b941680eea60dda65049a81968bc3b5f3c9a84e8b7d663b1305f 1580883335.8458161 88 
1580883335.873337 485074166b2e246d037bd97bb18531c1331b7c674172ce24217b069e89b5ae9c 1580883335.8737202 87 
1580883335.9111407 981e56fceeb420e994d1cded34f7f57515a52568f29bdfc5b0719e70e93fd75f 1580883335.9115467 88 
1580883336.0305738 9c4e6e9a609fc37660e701837b9b333cef32e131c33f0d38591e93d60a6fb13c 1580883336.0309458 88 
1580883336.4057984 b6d87f2f7597586a53f3f00287732366ecf147547706dabd7d15c6820a8c5b10 1580883336.406207 88 
1580883336.6948948 2368184144c5b0dad72762892a6b91032c18b959fb6b8d3f125446b4e77fb826 1580883336.6952991 88 
1580883336.9601984 834880a574ea03be28bb25aac5bcd6fc7d359ac0494567b81e624162ad2ab816 1580883336.9607396 88 
1580883337.237104 c9e997519423da9cd80ef9211f482b331ced8e350c26d50ddcbc5313c3cb5f11 1580883337.2375264 87 
1580883337.3826342 d3e4168fa76155ce8fdb3115433e032d906480f508ce6c22d5394c6580638e1b 1580883337.38302 88 
1580883337.7757893 5b5dccaf83b131abbf7c28efa5812693623717d8eea13213be8b0d05ba960f00 1580883337.7761724 88 
1580883337.8745508 ab40705379e84df60a2d930d0cb87cf3e5979d8576228ccccb62fcd1eb517b5b 1580883337.8749726 88 
1580883338.4807522 32e4b94a78dbf34078443438f91b1442933fac5d3069e7c53b8d529ec8e7d4d9 1580883338.4811516 88 
1580883338.5169215 b6e99b7b213c8c988e572a6211931b323420ddbcd683a824a9f0907e163daf1b 1580883338.517287 88 
1580883338.8781567 cb97e8adf67c699650181938e09ec11ddcbf78fc2b06e16ddb1cd320550b4d62 1580883338.8786538 88 
1580883339.594557 53d08e738c9ccf935ae4f6ac98bf52785997f75b1189d15345878d5ed6e0d151 1580883339.5950108 87 
1580883340.3143013 e3cf81ae626465d077de96ec50441c9e24f3d09bb085e17e48f5017d7e94e3d3 1580883340.31477 88 
1580883340.4482346 dee893623d622dd6e236c17fe5c17f4fce865faa9e94b78a16b96304e21e0202 1580883340.4486418 88 
1580883340.4893959 3a9fff428ebe2fa6899f3271af22c2d082056027ffc28de08947c73dc5973a65 1580883340.4898984 88 
1580883340.5476246 58ae2d95f5bc99c8a63f0533e6397c947c9c39c747a212bf5786e2b77d9a8057 1580883340.54802 88 
1580883340.5669525 d62884813abc53f67eaadfbe25867243df6c98b90db3a5392bc119f5641a5fb2 1580883340.567397 88 
1580883340.7790573 a4f0ca91f0c912ab68484941b38f6b680c9b043877eb20ca57329ddff900c391 1580883340.7794476 88 
1580883340.8003109 ab742cd7a8d27b600a2e370b8f54fc1c2b9222ade9e1a479eddd358fe26878c2 1580883340.800638 88 
1580883340.9388707 18a5f4c2db866cf729fba62174524ab9c86ca5123279ce64cbbf6f163f652c1b 1580883340.939332 88 
