1580714348.5867445 4dbe4663f4efa3834edf816ac3ac9b937a6c0ff98e9b04a3d04ca9622aae9d6a 1580714348.5870972 88 
1580714349.7682047 e0a21e09ecc1f6b703d95d12856380a86e61cf7ebf91cf4408c8271ee0533b4b 1580714349.7687533 88 
1580714351.3926682 f58e14b8ffe4f32d0849c48a88db2e7e80352047ae0566e4b28e9f1d1b3543a2 1580714351.393227 88 
1580714351.5790732 a85c3f6496404467f8c1f2972c8e1cdaa6bfa7231a90ee6bb59341b29ff15b6a 1580714351.5796258 88 
1580714351.641671 cbd84b9c763d9fe25eaafb9bd838586ffa2336fa4f2766457fa779eac3194064 1580714351.6422324 87 
1580714354.4899867 6d14b5d2fa74af28a0d3716d6382481639b30bc54c4411c13542fa1d0cec6c9a 1580714354.490447 88 
1580714356.3787644 a5eb8132983e580c554a51c3b4d8df4752a3cc235c27cef5294587545c945038 1580714356.3793108 88 
1580714356.6781256 7632cb7580a121509c2944e99c6b74a802efca097fe6696c78262e12d8cadbe2 1580714356.678669 88 
1580714358.7573686 d7eb941750140d71b78dd77a6b726cd8f4f1a3c87c8ba7a172f47fcbc1a329f9 1580714358.7579327 88 
1580714360.148702 335a03d25cb4a9dac310134cfc432be8919401a3e8524af8cce1871e614aa263 1580714360.1492498 87 
1580714362.3700566 a06084ee8a7e1048f237b05ff81a1174e40dce37ecb0eb27e4b6778067621e76 1580714362.3706164 88 
1580714367.7755766 19362ccb1bbaf7ccd269082992f687eea44e6400b3baed18e78f0b5c19cda78b 1580714367.7761974 88 
1580714367.8138332 ae3bd1f48b7002f14efe80eb06023138387f428d11c38d8bebb021ef9ade214b 1580714367.8142238 88 
1580714370.8784652 6d1d1d899c31a32617ac1ac481f66b042aa2b9da4f52bf3d9ded5daddd295ace 1580714370.8789628 88 
1580714376.0129209 1c1daf8cac1caaf2594fcf66687ded039ce10fbc345b15af02186cd1b4923b80 1580714376.0134559 88 
1580714378.4111426 8876523ce9f9fa1d8de1ec46dbc9fe5a99e1a616444c29a349da8dea3c3ca647 1580714378.411669 88 
1580714382.857407 f5108a4975f3e9de8be668792a677f6ac3365ed758fa8229c9dad458329ee451 1580714382.8579383 87 
1580714384.8775084 7fb1c9aee2aec1031027f4b40b92903c8193a6d2126f884d6271676aa407539b 1580714384.8780634 88 
1580714387.4957833 da070159809a10a64c85c08c91b396f6d35d4e803e3bd57bb3150c72bd421930 1580714387.4963546 88 
1580714390.723847 3f66b9162e44f5f47104a42404d8c5cf251826bdfec489dd94c515471a124f5b 1580714390.7243958 87 
1580714392.2937758 ed4fba2fd1fe997a20c713310522edddb466c09f71c419fd8e043e824df3b406 1580714392.294288 88 
1580714393.610386 54fddd74eec6140b6ce5723bf840bc337788eb16822e0ff6c319c527f9a78116 1580714393.6109033 87 
1580714396.4120343 d9a3fbc9b6781ce49967d984f4df1cd9afef2901c526041039bbd151d261ffc6 1580714396.4125278 88 
1580714396.9382021 43d5c6f0c80292d319290d6cf8c839ad86bc7f7d4173888c346ca2453e4a663c 1580714396.9386308 88 
1580714397.7196085 0919392a6e6e58b7ad2bb53296ad0f09c129c555981b6e7bc0cb2b02ff204e19 1580714397.7201428 88 
1580714398.1992846 642401d22e5ddd576ec50686e38c05d4bd653eb2ed9ca815ecf6ffc05f9a9c8f 1580714398.1997902 88 
1580714402.4659681 70741ce82e5dd33bb5f1cb57b17c332286242d559aa1ec22dadf9cffe786f4a4 1580714402.4665499 88 
1580714405.4840848 6167c34412e263b6397c1fb402656eb0c0e09bc10a2e91e0a123303bb1e61984 1580714405.484694 88 
1580714407.1694927 5aec12ff2b126191d330a1287f2bb5f6a64d161859fe25a8683c47d4905c70be 1580714407.1700952 88 
1580714407.5316029 a5bc21ff812656518aa37dae2ed5697fd93c05c0fd2a2241639e0a41b71bede6 1580714407.5321426 88 
1580714411.2345948 82cbb28cf13730ae6f45a3286cfd26e0732b0afd84609d768fd62a756bd033ba 1580714411.2352514 88 
1580714413.849045 378e7060e740797afd3536b2235d7d3b3e1461368e36e4f541f6c0ac89f97248 1580714413.8495479 87 
1580714414.9100342 dd3ad55c1b3fa5ac9d92d037c76061cc65c5478034534f9391dd1834508ac67d 1580714414.9105723 88 
1580714416.765107 3dd8dacde07f7d31d2219717d3cb78fed4ed2ed491d95f33f8482695bd7690cc 1580714416.7656045 87 
1580714418.3348517 47e6eaa514d1e750c7b95236a66cc0373733453f8efb2cd30a47594a0f85c4ed 1580714418.335438 88 
1580714419.3648334 1a6789c701f9f4fbed34bdc5000dff7aa916d6b12e6f41a70405100f10220b06 1580714419.3653924 88 
1580714419.6773586 3f526a27ef49b94a673932f7bfae940f5aa6d35bc5d077c86ffb833c5493de25 1580714419.6778479 88 
1580714421.8296218 8a240c5d367ad0c91f4a70c8f98fe1af32977cdeba645d4ccb4cb59654c47ef2 1580714421.8301704 88 
1580714423.8667595 91e8aa3765710fce9c8541b440779423a34bb6edc8418e43b6d93949d925dadb 1580714423.867325 88 
1580714427.135529 618e038a88b34d2cbb231c849c2e33253a37878466b8aea5d9badd6506bffb47 1580714427.1360633 87 
1580714427.3000894 33f845fc3d4cca7da1bd3377f8c58467664e24efd23389bc26c06d957f8cbd3e 1580714427.3006074 88 
1580714427.3676527 15a360a913fed84180278f6516623d38ec3052ca2d51bc065518d1c7ba1e591d 1580714427.3680964 88 
1580714428.8421001 3b68e03c7b1eebefa4d79df8c6e57f35f310cfa79b2bc298efc8a0fc369c78df 1580714428.842704 88 
1580714429.4872365 d83dd2660cc48e410454e0316ac3e88aa8a93a9572df838b9d027904c718fd69 1580714429.4880161 88 
1580714430.0422554 37fe31ee47aa1c3f65908d05d14f4d5628867995b7cfcd596d70a49d63d0f22a 1580714430.0427926 88 
1580714430.646865 89856d62ddaeaba6ea52ecf649ec0225cbf496c10201ff87344b80243e581319 1580714430.647448 87 
1580714431.5037682 cfdfddb48e6ce7963ec605166ae47185fe308dc6b22f7b5c504e19aac63fd05a 1580714431.5042675 88 
1580714433.038251 6cad79d07216f320095d7e21e6e58b9db8f4c9caaf64f53d20873712bf085913 1580714433.0387993 87 
1580714435.0846677 9a62a6138e4f4a1e4db8e86dcf226be71733ddce845b56476706a211c52c8b2e 1580714435.0851755 88 
1580714437.0798717 9efd338d0d3e101531cc0e5041723897fb46f106c3f7921c80ee369d3e1e5ef6 1580714437.080322 88 
1580714437.120246 611db1da499bf8fbd11abb2efa2a747d23b969cb6b60a4ea6282864036ddb0be 1580714437.1206784 87 
1580714437.3532834 e034b1197fde245c227af7879781adf3f754474a6a9838d575a0edbc0a2a25a1 1580714437.3538363 88 
1580714440.9347277 bcadad96aa496253b181e5b4cc7e83cb21a9bc13569301a10d2c80c47bc99074 1580714440.9352553 88 
1580714441.9353564 d8e3f6523109b86ed86bed1eeaa2a1b71524bd7415d13df8bbdc2770a21d8220 1580714441.9358883 88 
1580714442.7573626 32952005ff6826b9cbc559d73ea6acc2614acc469c237fe8ede886176747f8ae 1580714442.7579217 88 
1580714444.0287113 4473a248bd86d7e2574330cd9bf705144d5de38c89ec18e6af8013b3b1698431 1580714444.0292962 88 
1580714446.7468405 274c89c0e6ad1741eea7f5c771e9606d1b2cb00464dabd5149f56d75bf11fc51 1580714446.7474144 88 
1580714448.6194696 f0847c91a7d19ff8be3bd4faa176b187b9040e75f7d58bdfaf88235d9830b1e1 1580714448.6200237 88 
