1580714347.8377311 05bb4379be4c36ee448abdd9be523f5bf73967e661c8695bf4729322b8f70804 1580714347.8438077 88 
1580714351.055126 01a3ae125a8d728961fe7234eac19c3ab99a3c3891a9990bc20665ad848ecee3 1580714351.055632 87 
1580714353.370389 90585803d77930b75441e0ef996cca95e9e24d3b06532b53464ba51219300d14 1580714353.3709333 87 
1580714354.534453 a82979cd642000626c6455a2f6db5f6cf8a95711fa527ad2c1d16a2a2e76d6ec 1580714354.5349615 87 
1580714356.5831184 7042bbe616130201260496b85f2d3b30483f44a99e871746f1ddd794efe6ac81 1580714356.5836456 88 
1580714360.3270462 c3de8542f8871571e88ac822aacd1223fe3222751c28a6c56dbfaf8b551897e4 1580714360.3275425 88 
1580714364.581524 6bdf0a99f94aab0e42ece8b8a543d638d52eb29ae4597b3b8bd0a811c80c2803 1580714364.5820682 87 
1580714368.6077306 bcab25175b41b267cf38b39b1d21123ec786e961a88b3812deacb643d037d50b 1580714368.6082504 88 
1580714373.8354177 365c57c1570fbf7db804735d334c2697d7033eae6ebd2b8ab8f539c9277e4ad5 1580714373.835939 88 
1580714378.5633326 bfa68e211803e380a6232592f0751293f3580b24f1c82149db4e08a981f01c13 1580714378.563807 88 
1580714381.1922567 00fc20ff14fd005959922f89b5cb8a8e3529d4148daf8050a7d1fe2258bc07d1 1580714381.1927726 88 
1580714381.4617026 8a25da919e3b54f9bd0a68356b43b4936b08c36841f177483776c0153ce1a997 1580714381.4622147 88 
1580714381.8664393 6e2dc19da787944c6e0fd6a9b91315bb91f4ade6ed528c056a786b2770bf9426 1580714381.8670619 88 
1580714388.0673976 ba4d5ee1c029ceb58ddba9e0fb42140aaf3cc78abbc8e31ee0429d19c4643400 1580714388.0678496 88 
1580714389.05086 ba04959c7a73f43e75e51d8cb9a01d0a9135407813b9d7e104cd2191a0048fc5 1580714389.0514152 86 
1580714390.6680415 b3cc7ddae51c27145ae1a2205cf068650cf120ec3af5a5c5461ed721f002b499 1580714390.6685653 88 
1580714390.8778856 f56ec345e2010e8fafa1540a056156efdaafa9d0d13ec9392c2bc07e875a5a71 1580714390.878364 88 
1580714394.1608112 cd308073adc653ea59e9d08eb49af28b115c426e456d68e6402080010f60fb9b 1580714394.1613438 88 
1580714395.755891 d117e94acd3f0afff2e5b9d97dec3c0805129c11c244b53f64f3303dc471a687 1580714395.7564285 87 
1580714396.9322822 331859d77c95baa6c91382a3112660abd0cd28fe9844105652d7bef607b13603 1580714396.9328113 88 
1580714397.1491516 3553e8ab4b6bbec9fc7d7eaa29c980ffdec494a0fdf7334126276d8d784075eb 1580714397.1496968 88 
1580714398.142104 33c045f2efd5046b445f8b64de4a03cda2d98e4cfe283448a90ec747ed28cac7 1580714398.1426141 87 
1580714399.3013492 8e0af99a37d68bdf62ea8b3ef38da9d0b7e280896033f504667c584cb97e50bb 1580714399.3020017 88 
1580714406.5033402 2e173d1b99e29e90fbbe6f7a9bfad8c275ff7c26ba22a8fccb11cba1307b7ad1 1580714406.5038147 88 
1580714407.4468288 f9c0e925e5d917b627450266073ec10ac91e0f25cbae6a609faeef5bc4fb57b9 1580714407.4473572 88 
1580714410.350285 ce2e7e80b04ae2967b28edd7c56d31b10e563cd1810e127ea3f3ba79a1bab82b 1580714410.350909 87 
1580714412.4064832 344319c3677428b8ef20810ffc6d5012f1d66a1a2fa348eee4024cb06ffe4d71 1580714412.4070125 88 
1580714414.3746095 b6c0f260aa13a685d1c2ec471084a378b8d45d2220fc1bcc269bb8b7c2223341 1580714414.375175 88 
1580714415.987784 67db52cd3e74518ecbd906a4f610c82a37a868305d5a1c456b894e03b7605abe 1580714415.9883137 87 
1580714417.9916058 98eb57efc9b4360963d035991b74a615defbcc7841aa37e5c14807f4735ffc35 1580714417.9921372 88 
1580714420.9486146 3ac19c5d4dbec8b519628dc749795e067a63ee6a246f593f2c487d5b07110168 1580714420.9491374 88 
1580714425.321576 297bb47ebbdb93bd70a50ce3699b67ca0427673f08ed9b7340e6c2576359972e 1580714425.3220904 87 
1580714426.4826279 2783b6243eaab8cabd81b97d9683b52133b64425be595bcd9d0ecf6442fbe1f4 1580714426.483265 88 
1580714427.3431797 beab46da2c265a81549d423f696b201fe47bc7893bd4e83c5758c5e35660dd5e 1580714427.343619 88 
1580714427.4558187 40113dfc0614119981ba99f405bbc5a8131df58b5ee852bf67e5b69eba622f05 1580714427.4563332 88 
1580714431.5982697 84a1b45ff6d5e9be6efc61745b622b440d51ffb0f9e983d27798a3b06d38207c 1580714431.5988123 88 
1580714432.179361 fa4a1b120ff0c5c4bd1792de638aecda08ea131d9c5cec93d0177da95128664d 1580714432.1798756 87 
1580714433.69091 b2e469feebfb813cbebf1ca107c5cc0d2010d77373d220ab7912f74ceb3f8e82 1580714433.6914525 86 
1580714437.5497162 21af73b759b01cb4e45bfac3216c29233b4e94e2f3e03b189e47647b747e8685 1580714437.550237 88 
1580714440.6889858 9c27e24040e1f6b95d0be4b080d13e2e8a49bf20d7dade1969802a95fb4ad521 1580714440.6895244 88 
1580714440.8317611 43ff38ec4473c4af450db6a493670ade5f3bea3850ac7da407881bbeb9bfe647 1580714440.8322628 88 
1580714442.0369022 59bd9de107ae4971b360bd69d4ffec5c55147b2c9b082fb2ee392f5a41fec39d 1580714442.0374005 88 
1580714448.121628 01e28f539f027ca0834714c78585e34f75525207a9a1e472bafc4b0e7078ed71 1580714448.122122 87 
