1580714349.136101 233733a055de4a8f210abef1a3d9ff8ddc07a4d80fb66ffa8496333ec7787f43 1580714349.1410801 87 
1580714351.5261028 cee372952d110caf48258d12fb90426206e0a0e0292b59cc1303b95b14f51d3d 1580714351.5266676 88 
1580714351.7591643 f4eab80eddb74ca1044610849651e6c9945c6a2511f74005b7e6afeabc8f907d 1580714351.7596304 88 
1580714352.746379 e5031315af7d06ca1e934e6069751baf4365808c54efa2313c32d23d9b7f2d59 1580714352.7470186 87 
1580714354.476457 fe7a40efde9f5899bdf143fdb55685369eae3659509d121a1039fa09e940d739 1580714354.4769373 87 
1580714354.5757008 2cb214f4854174b8c06d2169e148e77cf4cff4f57895341c1a1fb55b203d1806 1580714354.5761392 88 
1580714355.185507 6ddfcba324f19c255c02a94aa4437d988bdab8aa5a2afe243806a5331c0cd989 1580714355.1859376 87 
1580714357.6208985 d31efcde58b51b6a621aab8859fb804389cb1770845c7ffdfdad99512ab55e1c 1580714357.6214135 88 
1580714360.1266637 1c87fe00308b710860311a72b17ebb135714c4038943ffb7a9ab2e7f348ff2b8 1580714360.1272914 88 
1580714360.9257832 b31aabc9ee6e5ea170112b83e0c661b37d66239ae1a2ec4d7361a70a0bde44b4 1580714360.926319 88 
1580714361.3680277 ab106fef9f5929073c23565a1e121025fd94b6c0ad9ccfcc3ce9fb38c34a8056 1580714361.368507 88 
1580714361.925444 bc7918f6c60d17e6912ff062eed5a98af74c2fa54d288b9c41ac48fa6f0671ac 1580714361.9259007 87 
1580714364.6383023 72e49058558c13c17759465acfe1b9ffac0769b06198582d98f6f567bb9c03e0 1580714364.6387393 88 
1580714366.8938854 60f70b8921cb9f6602f7010d700aae2405b68f6d69c0cb4b7c08dafa252da0d1 1580714366.894359 88 
1580714369.110812 ce11a7372d3012835da3dd60c12e43aa19342ed43fa7008a7f6a664fe1e04d1e 1580714369.1112728 87 
1580714373.7388995 57dcab2bcb50bdbed4f50af9af5004a6ce73ce9dbb612d7292956fb04cac4e54 1580714373.739431 88 
1580714376.88093 bf0dc4b71547470b5c7d7fa857b67cd51bbaa5907a3cbabc7b64bf965058946d 1580714376.8813937 86 
1580714376.8897321 240a64dd37f44010851795422ebe1f2561f4803376edb3da5a54df06d761ee23 1580714376.8899376 88 
1580714378.3229103 dc60464fb7958c07fac727a5e5407b60629ba9ff5bef3d8788625c0cd4117f62 1580714378.3234332 88 
1580714379.2221847 5e1b6f6f3ff2aca628eb9b7a90c39b74ea40929e9e526013d03113b8631c8d3d 1580714379.2226744 88 
1580714379.5038435 bd488b416c18bc8d9f4ccb17e9f2e19d70bdab44f756e44581eadfaefc36e7bf 1580714379.5044446 88 
1580714380.7675571 d186d0a1a4e8b1afe08148f01e076ab1974e08f670e5dfed3fa5b62602905ee8 1580714380.7680573 88 
1580714385.6182835 54b8f6836ad1749216271bd8dddb5209379e404933fe3b8c473ce99022842ce3 1580714385.6187544 88 
1580714386.4016562 41a9d7aa9c7768d9750f9eef0f62e65d38e08d3d68cc1fdba83385cc7e19012a 1580714386.4021966 88 
1580714388.8625948 6e8b0c0e7289aefeee570954ec2fb52f1b7cfdd30e730a80195706ee371d6330 1580714388.8630798 88 
1580714392.9947605 5c39c2fa42670013962fe59cb0e072e2281978911f9b4479ee3bf45035b37db9 1580714392.9952648 88 
1580714395.4527967 c9aa5d779500355b2d9822597e09467c8c7b012c00dcd0152a4132dd83d9b2af 1580714395.4532773 88 
1580714401.5852752 f9c3bde15e96975b6d2e604d998d2a9ad8537acf8c973da24f332195d771cc85 1580714401.5876007 88 
1580714401.9679825 748876d22b60688acb19774d5bb01236839246131cb5b82a2d5ea54add25d620 1580714401.96853 88 
1580714404.764595 3bd414ee5fc69a72861ee2726e582dbd18459b01b51ab955ecc78a55de7537e4 1580714404.7650564 87 
1580714405.0978615 45365cf05931c1adf8783ea7fe3243fcfe8c5d2eafe2a204dd5d64753ea79c14 1580714405.098365 88 
1580714409.4983506 6ad9ea73c4a35c353e3717c4fbc540e53d0d9502bf81dc75c4cb0a1408f9e14e 1580714409.4988315 88 
1580714413.3314228 595c6b15c294700d7dc16fa71dc7da0b62deb314529f87a3b53e5b9547bbbb67 1580714413.3318994 88 
1580714414.5782561 ecee68a385e6504094cf017a082f79ec278e79ce10491654e97cdcf40ef69c7a 1580714414.5787294 88 
1580714422.3226814 3c113a608337e481ca1652571cde13ecc16a73cc7ce762a63688241fe1a1deca 1580714422.3232574 88 
1580714426.6689568 446a6b722e1210d5c3ae948f8d812670a88a4bc41f201c20c18cb21bdc627123 1580714426.6694343 88 
1580714427.3175259 f049794bf3a24b7a7f4da2a95daddf96e2a8f5d3209a1e1403f033b47191fa62 1580714427.317899 88 
1580714431.2409835 6b92c9eba87c02e8193f61f7c3135c8ab84dcd0bc195154781cc18ced1ab892b 1580714431.2414174 88 
1580714432.0209253 70921f92ab3900d860d1094403f892c6d13b1e9802eec713fc695efc585df2b3 1580714432.021399 88 
1580714433.4757955 8a0eaec170b6f54823fa1e272ce540f41853118f22326990cd9b68b8b1ada750 1580714433.4762373 88 
1580714435.3031528 ba85e982295ac393f40e93f75c681fc573dc898d1b29edb82fba56524d7f36cc 1580714435.3036065 88 
1580714436.5896695 4e8d550a4b5c443ea68992f2d90ece586c8628c3aba472daaa21b0d65a908220 1580714436.5900986 88 
1580714438.3628135 99091a35313d35504cbad919980443689569bd045f89aeab04ab65557ca9fd8d 1580714438.3632867 88 
1580714439.757823 7f72b88a479c4dc1e26136304f1399f3aec11cae94c2a6226be108b5d2d64cbc 1580714439.7582963 87 
1580714440.2032456 54689caf750d6b65e1e4c2d784bb66fa17ca390c664f35f11a97436f35f9b4a6 1580714440.2037158 88 
1580714442.5697613 031020c1f76bb9a1c7a94cdf0af725ff642362486f8f5c514859ce5b3b095467 1580714442.57023 88 
