################################# 
b'\x13\xf3' b'\xa2\xba' 

BALANCES c:11.0  x:47.0  g:0  w:0  r:0  b:0  o:0  s:0  y:0  e:0  q:0  f:0  k:0  m:0  i:0  t:0  h:0  z:0  a:0  d:0  v:0  j:0  n:0  l:0  u:0  p:0 

BANDWIDTH: 
0
4095
5200
2964
936
0
0
0
0
0
0
0
0
0
0
0
0
0
0
0
0
0
0
0
0
0
0
0
0
0
0
0
190068
0
234
0
702
0
234
0
234
0
0
74384
689
706
0
0
234
0
0
0
0
0
0
0
61191
41275
1586
11197
6222
234
238
0
0
0
0
0
0
0
234
0
43557
32715
476
234
468
0
0
0
0
0
0
0
0
0
0
0
0
0
0
171190
38827
706
0
0
0
0
0
0
0
0
0
0
468
84141
6326
83663
663


TIMESTAMP: 
1583801828229.069
1583801828229.0713
