################################# 
b'\x13\xf3' b'\xa2\xba' 

BALANCES c:11.0  x:47.0  g:0  w:0  r:0  b:0  o:0  s:0  p:0  y:0  e:0  m:0  i:0  k:0  t:0  q:0  f:0  n:0  l:0  u:0  d:0  a:0  z:0  h:0  v:0  j:0 

BANDWIDTH: 
0
3835
3822
8086
7007
234
0
234
0
0
0
0
0
0
0
0
0
0
0
0
75985
689
0
234
0
234
0
0
0
0
234
0
0
0
120624
0
468
702
0
234
234
0
0
0
0
2977
54236
12675
40378
0
702
234
234
234
234
0
6643
944
30915
702
14728
238
0
0
0
0
0
0
0
0
0
57363
0
468
940
0
234
0
25005
4047
234
0
0
0
234
0
0
0
0
0
0
0
0
0
0
0
0
0
0
0
0
0
24310
23200
99096
82183
27222
66343
66497
2465


TIMESTAMP: 
1583801829768.5396
1583801829768.5417
