################################# 
b'\x13\xf3' b'\xa2\xba' 

BALANCES c:11.0  x:47.0  y:0  e:0  v:0  d:0  u:0  b:0  a:0  q:0  f:0  k:0  s:0  z:0  n:0  p:0  m:0  i:0  w:0  r:0  t:0  o:0  h:0  g:0  l:0  j:0 

BANDWIDTH: 
0
2912
0
0
0
0
40833
702
468
234
0
14612
9594
234
0
0
0
0
0
0
0
0
0
234
0
0
0
0
0
0
0
0
0
0
0
0
0
0
0
0
0
0
0
0
0
0
0
0
0
0
0
0
0
0
0
0
0
0
0
0
0
0
0
0
0
0
0
0
0
0
0
0
0
0
116396
160217
50665
234
0
0
0
0
0
0
0
0
0
0
257516
10110
702
0
468
0
0
0
0
0
0
0
0
0
0
0
0
34471
48235
66826
923


TIMESTAMP: 
1583801889141.7168
1583801889141.719
