################################# 
b'\x13\xf3' b'\xa2\xba' 

BALANCES c:11.0  x:47.0  g:0  w:0  r:0  b:0  o:0  s:0  q:0  f:0  k:0  y:0  e:0  n:0  l:0  u:0  m:0  i:0  p:0  t:0  j:0  z:0  h:0  v:0  a:0  d:0 

BANDWIDTH: 
0
2470
3432
13871
1391
0
0
234
0
0
0
0
0
0
0
0
0
0
0
0
0
0
0
0
0
0
0
0
0
106678
468
468
0
0
234
0
468
0
0
0
0
0
0
0
0
0
0
0
0
229787
468
234
234
702
0
0
234
0
0
23731
14703
3141
234
472
10023
234
221
234
472
0
234
468
0
0
0
0
0
0
0
0
0
0
24075
51546
68496
45439
234
234
936
234
0
234
0
0
89319
710
936
0
234
0
0
0
706
706
47980
472
33730
39130
31217
12410


TIMESTAMP: 
1583801846705.6345
1583801846705.6362
