################################# 
b'\x13\xf3' b'\xa2\xba' 

BALANCES c:11.0  x:47.0  b:0  s:0  r:0  t:0  o:0  h:0  y:0  u:0  v:0  e:0  d:0  a:0  m:0  i:0  w:0  k:0  q:0  g:0  f:0  z:0  n:0  p:0  l:0  j:0 

BANDWIDTH: 
0
2912
234
0
0
0
0
26364
11466
15496
936
936
234
0
468
234
0
1872
13143
689
468
234
0
234
0
0
0
0
0
0
0
0
0
0
0
0
0
0
0
0
0
0
0
0
0
0
248351
3549
472
0
234
234
0
234
0
0
0
0
0
3549
15660
22137
468
40704
468
0
3137
0
944
702
234
468
468
234
0
0
0
234
0
0
137414
944
0
238
472
234
0
234
468
0
0
0
0
0
0
0
0
0
0
0
0
0
0
0
0
0
0
0
0
0
0


TIMESTAMP: 
1583801842221.1284
1583801842221.131
