################################# 
b'\x13\xf3' b'\xa2\xba' 

BALANCES c:11.0  x:47.0  p:0  i:0  z:0  v:0  n:0  o:0  k:0  t:0  f:0  d:0  s:0  b:0  h:0  u:0  w:0  l:0  a:0  q:0  y:0  g:0  r:0  m:0  e:0  j:0 

BANDWIDTH: 
0
663
884
0
0
0
0
0
0
0
0
0
0
0
0
0
0
0
0
0
0
0
0
0
0
0
0
0
0
0
0
0
169303
234
0
234
0
468
234
0
89964
1404
234
234
4307
468
14681
40361
234
234
234
0
234
0
234
0
0
0
0
0
0
0
0
0
0
0
0
0
0
0
0
0
110839
468
468
234
24673
234
468
468
0
0
0
0
0
94369
35422
8120
234
468
468
0
234
0
0
0
0
0
0
0
0
0
0
0
0
0
0
0
0
0
0
44917


TIMESTAMP: 
1583801826336.1538
1583801826336.156
