################################# 
b'\x13\xf3' b'\xa2\xba' 

BALANCES c:11.0  x:47.0  g:0  w:0  r:0  b:0  o:0  m:0  i:0  s:0  y:0  e:0  p:0  k:0  n:0  l:0  u:0  q:0  f:0  a:0  z:0  v:0  d:0  t:0  h:0  j:0 

BANDWIDTH: 
0
4082
2067
234
16549
455
0
234
0
0
0
42185
702
468
2665
234
0
468
0
0
234
0
0
234
0
0
0
0
0
0
0
0
0
0
0
0
176574
702
0
702
702
234
13356
1174
0
0
0
0
0
0
0
0
65933
468
476
0
234
0
0
234
0
0
0
0
0
0
0
0
0
0
0
0
133094
468
706
0
468
234
0
0
0
0
0
0
0
0
0
0
160247
234
468
0
468
0
0
0
0
0
0
0
0
0
0
0
0
0
0
0
0
0


TIMESTAMP: 
1583801834226.2761
1583801834226.2786
