################################# 
b'\x13\xf3' b'\xa2\xba' 

BALANCES c:11.0  x:47.0  q:0  f:0  k:0  a:0  y:0  s:0  z:0  n:0  g:0  w:0  r:0  b:0  o:0  t:0  m:0  i:0  e:0  l:0  u:0  p:0  h:0  v:0  d:0  j:0 

BANDWIDTH: 
0
2470
221
0
7150
18837
4771
0
702
234
0
0
0
0
0
0
0
0
0
4212
26338
40547
234
468
0
234
0
0
0
0
234
63119
455
234
234
0
468
234
0
0
0
0
0
0
0
0
0
0
0
0
0
0
0
0
0
0
0
0
0
0
0
0
0
0
0
0
0
0
0
0
0
0
0
0
0
0
0
0
0
0
0
0
0
0
0
0
0
0
0
0
0
0
0
0
0
0
115204
54521
129372
29887
23698
64191
53507
73718
21519
27443
67055
29657
6885
3991


TIMESTAMP: 
1583801826512.4849
1583801826512.4868
